12.80
9.24
3.68
-0.56
-1.04
1.13
2.52
1.87
-0.20
-1.96
-1.94
-1.32
-1.03
-1.70
-2.78
-3.06
-2.88
-2.81
-3.28
-4.12
-4.02
-2.89
-1.30
-0.22
-0.32
-0.89
-1.03
-0.21
1.12
1.65
0.94
-0.41
-0.67
1.28
4.32
6.45
5.53
2.85
0.38
-0.59
0.14
1.11
1.12
0.28
-0.70
-1.05
-0.80
-0.68
-0.78
-1.00
-0.90
-0.55
-0.50
-1.01
-1.65
-1.81
-1.22
-0.34
0.18
0.17
0.01
-0.06
0.22
0.44
0.44
0.17
-0.14
-0.16
0.26
0.59
0.71
0.00
0.00
0.00
-0.00
-0.00
-0.00
0.00
-0.00
-0.00
-0.00
0.00
-0.00
0.00
0.00
0.00
0.00
0.00
-0.00
-0.00
0.00
-0.00
-0.00
0.00
0.00
0.00
0.00
0.00
0.00
-0.00
0.00
-0.00
0.00
-0.00
-0.00
-0.00
0.00
0.00
-0.00
0.00
-0.00
-0.00
0.00
0.00
-0.00
0.00
-0.00
-0.00
0.00
0.00
0.00
0.00
0.00
0.00
0.00
-0.00
0.00
0.00
0.00
0.00
0.00
-0.00
0.00
0.00
0.00
0.00
0.00
0.00
-0.00
-0.00
-0.00
0.00
-0.00
0.00
-0.00
-0.00
-0.00
0.00
0.00
0.00
0.00
-0.00
-0.00
-0.00
-0.00
0.00
0.00
0.00
0.00
0.00
0.00
0.00
0.00
-0.00
-0.00
-0.00
-0.00
-0.00
-0.00
0.00
0.00
0.00
-0.00
0.00
-0.00
-0.00
-0.00
-0.00
-0.00
-0.00
-0.00
-0.00
-0.00
0.00
0.00
0.00
0.71
0.59
0.26
-0.16
-0.14
0.17
0.44
0.44
0.22
-0.06
0.01
0.17
0.18
-0.34
-1.22
-1.81
-1.65
-1.01
-0.50
-0.55
-0.90
-1.00
-0.78
-0.68
-0.80
-1.05
-0.70
0.28
1.12
1.11
0.14
-0.59
0.38
2.85
5.53
6.45
4.32
1.28
-0.67
-0.41
0.94
1.65
1.12
-0.21
-1.03
-0.89
-0.32
-0.22
-1.30
-2.89
-4.02
-4.12
-3.28
-2.81
-2.88
-3.06
-2.78
-1.70
-1.03
-1.32
-1.94
-1.96
-0.20
1.87
2.52
1.13
-1.04
-0.56
3.68
9.24
