1.30
2.03
3.10
1.09
2.34
32.36
99.72
156.88
144.78
74.20
13.68
0.78
13.80
24.54
29.70
30.74
22.76
8.12
0.00
10.00
35.91
57.87
54.08
28.17
6.09
0.19
0.54
5.01
23.69
47.67
50.28
27.03
3.75
2.90
24.98
55.53
71.73
57.29
24.49
2.62
1.69
12.42
33.62
63.45
76.53
52.38
14.32
0.03
9.02
15.17
11.35
7.81
6.03
2.26
0.08
1.46
1.61
0.48
2.62
5.28
3.25
0.17
0.91
2.04
0.60
0.39
2.46
2.49
0.43
0.28
1.27
0.57
0.09
1.59
2.14
0.61
0.09
0.98
0.70
0.01
0.98
1.78
0.72
0.02
0.75
0.78
0.14
0.85
1.81
1.02
0.03
0.35
0.41
0.01
1.01
2.32
1.39
0.02
1.00
2.47
2.30
2.32
3.25
2.54
0.46
0.22
1.32
0.97
0.25
1.16
1.77
0.62
0.06
0.89
0.84
0.15
0.92
1.82
0.86
0.00
0.83
1.08
0.15
0.62
2.03
1.44
0.07
0.84
1.91
0.84
0.07
1.44
2.03
0.62
0.15
1.08
0.83
0.00
0.86
1.82
0.92
0.15
0.84
0.89
0.06
0.62
1.77
1.16
0.25
0.97
1.32
0.22
0.46
2.54
3.25
2.32
2.30
2.47
1.00
0.02
1.39
2.32
1.01
0.01
0.41
0.35
0.03
1.02
1.81
0.85
0.14
0.78
0.75
0.02
0.72
1.78
0.98
0.01
0.70
0.98
0.09
0.61
2.14
1.59
0.09
0.57
1.27
0.28
0.43
2.49
2.46
0.39
0.60
2.04
0.91
0.17
3.25
5.28
2.62
0.48
1.61
1.46
0.08
2.26
6.03
7.81
11.35
15.17
9.02
0.03
14.32
52.38
76.53
63.45
33.62
12.42
1.69
2.62
24.49
57.29
71.73
55.53
24.98
2.90
3.75
27.03
50.28
47.67
23.69
5.01
0.54
0.19
6.09
28.17
54.08
57.87
35.91
10.00
0.00
8.12
22.76
30.74
29.70
24.54
13.80
0.78
13.68
74.20
144.78
156.88
99.72
32.36
2.34
1.09
3.10
2.03
