0.96
0.21
-0.27
-0.62
-0.29
0.48
0.82
0.72
0.23
-0.30
-0.31
-0.25
-0.05
-0.03
-0.21
-0.19
-0.18
-0.17
-0.16
-0.42
-0.39
-0.32
-0.28
-0.22
-0.41
-0.58
-0.56
-0.43
-0.12
0.15
0.36
0.45
0.35
0.47
0.60
1.00
0.66
-0.07
-0.48
-0.57
0.07
0.71
0.84
0.54
-0.06
-0.36
-0.29
-0.16
0.02
-0.12
-0.23
-0.18
-0.18
-0.15
-0.28
-0.40
-0.29
-0.21
-0.20
-0.38
-0.59
-0.64
-0.48
-0.26
0.02
0.21
0.40
0.37
0.38
0.46
0.74
0.00
0.00
0.00
0.00
0.00
0.00
0.00
0.00
0.00
0.00
0.00
0.00
0.00
0.00
0.00
0.00
0.00
0.00
0.00
0.00
0.00
0.00
0.00
0.00
0.00
0.00
0.00
0.00
0.00
0.00
0.00
0.00
0.00
0.00
0.00
0.00
0.00
0.00
0.00
0.00
0.00
0.00
0.00
0.00
0.00
0.00
0.00
0.00
0.00
0.00
0.00
0.00
0.00
0.00
0.00
0.00
0.00
0.00
0.00
0.00
0.00
0.00
0.00
0.00
0.00
0.00
0.00
0.00
0.00
0.00
0.00
0.00
0.00
0.00
0.00
0.00
0.00
0.00
0.00
0.00
0.00
0.00
0.00
0.00
0.00
0.00
0.00
0.00
0.00
0.00
0.00
0.00
0.00
0.00
0.00
0.00
0.00
0.00
0.00
0.00
0.00
0.00
0.00
0.00
0.00
0.00
0.00
0.00
0.00
0.00
0.00
0.00
0.00
0.00
0.00
0.00
0.00
0.00
0.00
0.00
0.00
0.00
0.00
0.00
0.00
0.00
0.00
0.00
0.00
0.00
0.00
0.00
0.00
0.00
0.00
0.00
0.00
0.00
0.00
0.00
0.00
0.00
0.00
0.00
0.00
0.00
0.00
0.00
0.00
0.00
0.00
0.00
0.00
0.00
0.00
0.00
0.00
0.00
0.00
0.00
0.00
0.00
0.00
0.00
0.00
0.00
0.00
0.00
0.00
0.00
0.00
0.00
0.00
0.00
0.00
0.00
0.00
0.00
0.00
0.00
0.00
0.00
0.00
0.00
0.00
