280.575796
280.575796
280.575796
280.575796
280.575796
280.575796
280.575796
280.575796
284.258936
284.258936
284.258936
284.258936
284.258936
284.258936
284.258936
284.258936
298.298065
298.298065
298.298065
298.298065
298.298065
298.298065
298.298065
298.298065
278.176768
278.176768
278.176768
278.176768
278.176768
278.176768
278.176768
278.176768
287.508414
287.508414
287.508414
287.508414
287.508414
287.508414
287.508414
287.508414
273.777958
273.777958
273.777958
273.777958
273.777958
273.777958
273.777958
273.777958
271.202406
271.202406
271.202406
271.202406
271.202406
271.202406
271.202406
271.202406
277.402761
277.402761
277.402761
277.402761
277.402761
277.402761
277.402761
277.402761
282.896439
282.896439
282.896439
282.896439
282.896439
282.896439
282.896439
282.896439
269.789119
269.789119
269.789119
269.789119
269.789119
269.789119
269.789119
269.789119
292.036373
292.036373
292.036373
292.036373
292.036373
292.036373
292.036373
292.036373
284.299828
284.299828
284.299828
284.299828
284.299828
284.299828
284.299828
284.299828
207.560838
207.560838
207.560838
207.560838
207.560838
207.560838
207.560838
207.560838
-283.246273
-283.246273
-283.246273
-283.246273
-283.246273
-283.246273
-283.246273
-283.246273
-284.327581
-284.327581
-284.327581
-284.327581
-284.327581
-284.327581
-284.327581
-284.327581
-275.594051
-275.594051
-275.594051
-275.594051
-275.594051
-275.594051
-275.594051
-275.594051
-278.210161
-278.210161
-278.210161
-278.210161
-278.210161
-278.210161
-278.210161
-278.210161
-274.836282
-274.836282
-274.836282
-274.836282
-274.836282
-274.836282
-274.836282
-274.836282
-280.562757
-280.562757
-280.562757
-280.562757
-280.562757
-280.562757
-280.562757
-280.562757
-291.080233
-291.080233
-291.080233
-291.080233
-291.080233
-291.080233
-291.080233
-291.080233
-313.146471
-313.146471
-313.146471
-313.146471
-313.146471
-313.146471
-313.146471
-313.146471
-280.467965
-280.467965
-280.467965
-280.467965
-280.467965
-280.467965
-280.467965
-280.467965
-284.254148
-284.254148
-284.254148
-284.254148
-284.254148
-284.254148
-284.254148
-284.254148
-284.723261
-284.723261
-284.723261
-284.723261
-284.723261
-284.723261
-284.723261
-284.723261
-273.019581
-273.019581
-273.019581
-273.019581
-273.019581
-273.019581
-273.019581
-273.019581
-63.354243
-63.354243
-63.354243
-63.354243
-63.354243
-63.354243
-63.354243
-63.354243
274.690620
274.690620
274.690620
274.690620
274.690620
274.690620
274.690620
274.690620
295.769872
295.769872
295.769872
295.769872
295.769872
295.769872
295.769872
295.769872
284.776534
284.776534
284.776534
284.776534
284.776534
284.776534
284.776534
284.776534
273.164877
273.164877
273.164877
273.164877
273.164877
273.164877
273.164877
273.164877
300.534433
300.534433
300.534433
300.534433
300.534433
300.534433
300.534433
300.534433
285.328194
285.328194
285.328194
285.328194
285.328194
285.328194
285.328194
285.328194
284.794578
284.794578
284.794578
284.794578
284.794578
284.794578
284.794578
284.794578
299.964094
299.964094
299.964094
299.964094
299.964094
299.964094
299.964094
299.964094
276.232619
276.232619
276.232619
276.232619
276.232619
276.232619
276.232619
276.232619
262.787349
262.787349
262.787349
262.787349
262.787349
262.787349
262.787349
262.787349
280.506129
280.506129
280.506129
280.506129
280.506129
280.506129
280.506129
280.506129
276.671013
276.671013
276.671013
276.671013
276.671013
276.671013
276.671013
276.671013
4.647394
4.647394
4.647394
4.647394
4.647394
4.647394
4.647394
4.647394
-286.725682
-286.725682
-286.725682
-286.725682
-286.725682
-286.725682
-286.725682
-286.725682
-272.565153
-272.565153
-272.565153
-272.565153
-272.565153
-272.565153
-272.565153
-272.565153
-272.049770
-272.049770
-272.049770
-272.049770
-272.049770
-272.049770
-272.049770
-272.049770
-274.791000
-274.791000
-274.791000
-274.791000
-274.791000
-274.791000
-274.791000
-274.791000
-303.986323
-303.986323
-303.986323
-303.986323
-303.986323
-303.986323
-303.986323
-303.986323
-296.445195
-296.445195
-296.445195
-296.445195
-296.445195
-296.445195
-296.445195
-296.445195
-297.818763
-297.818763
-297.818763
-297.818763
-297.818763
-297.818763
-297.818763
-297.818763
-269.728457
-269.728457
-269.728457
-269.728457
-269.728457
-269.728457
-269.728457
-269.728457
-268.913740
-268.913740
-268.913740
-268.913740
-268.913740
-268.913740
-268.913740
-268.913740
-276.060265
-276.060265
-276.060265
-276.060265
-276.060265
-276.060265
-276.060265
-276.060265
-277.412882
-277.412882
-277.412882
-277.412882
-277.412882
-277.412882
-277.412882
-277.412882
-281.702206
-281.702206
-281.702206
-281.702206
-281.702206
-281.702206
-281.702206
-281.702206
141.238916
141.238916
141.238916
141.238916
141.238916
141.238916
141.238916
141.238916
281.093007
281.093007
281.093007
281.093007
281.093007
281.093007
281.093007
281.093007
282.280212
282.280212
282.280212
282.280212
282.280212
282.280212
282.280212
282.280212
285.917097
285.917097
285.917097
285.917097
285.917097
285.917097
285.917097
285.917097
268.762334
268.762334
268.762334
268.762334
268.762334
268.762334
268.762334
268.762334
281.040484
281.040484
281.040484
281.040484
281.040484
281.040484
281.040484
281.040484
271.475393
271.475393
271.475393
271.475393
271.475393
271.475393
271.475393
271.475393
276.364830
276.364830
276.364830
276.364830
276.364830
276.364830
276.364830
276.364830
278.014492
278.014492
278.014492
278.014492
278.014492
278.014492
278.014492
278.014492
289.164001
289.164001
289.164001
289.164001
289.164001
289.164001
289.164001
289.164001
274.777353
274.777353
274.777353
274.777353
274.777353
274.777353
274.777353
274.777353
283.782436
283.782436
283.782436
283.782436
283.782436
283.782436
283.782436
283.782436
281.415293
281.415293
281.415293
281.415293
281.415293
281.415293
281.415293
281.415293
-281.893031
-281.893031
-281.893031
-281.893031
-281.893031
-281.893031
-281.893031
-281.893031
-275.491467
-275.491467
-275.491467
-275.491467
-275.491467
-275.491467
-275.491467
-275.491467
-280.157851
-280.157851
-280.157851
-280.157851
-280.157851
-280.157851
-280.157851
-280.157851
-273.978204
-273.978204
-273.978204
-273.978204
-273.978204
-273.978204
-273.978204
-273.978204
-279.913616
-279.913616
-279.913616
-279.913616
-279.913616
-279.913616
-279.913616
-279.913616
-270.248876
-270.248876
-270.248876
-270.248876
-270.248876
-270.248876
-270.248876
-270.248876
-280.716381
-280.716381
-280.716381
-280.716381
-280.716381
-280.716381
-280.716381
-280.716381
-277.549835
-277.549835
-277.549835
-277.549835
-277.549835
-277.549835
-277.549835
-277.549835
-289.830477
-289.830477
-289.830477
-289.830477
-289.830477
-289.830477
-289.830477
-289.830477
-272.311561
-272.311561
-272.311561
-272.311561
-272.311561
-272.311561
-272.311561
-272.311561
-273.015729
-273.015729
-273.015729
-273.015729
-273.015729
-273.015729
-273.015729
-273.015729
-270.676552
-270.676552
-270.676552
-270.676552
-270.676552
-270.676552
-270.676552
-270.676552
-229.699060
-229.699060
-229.699060
-229.699060
-229.699060
-229.699060
-229.699060
-229.699060
282.851191
282.851191
282.851191
282.851191
282.851191
282.851191
282.851191
282.851191
280.070644
280.070644
280.070644
280.070644
280.070644
280.070644
280.070644
280.070644
268.090151
268.090151
268.090151
268.090151
268.090151
268.090151
268.090151
268.090151
282.201257
282.201257
282.201257
282.201257
282.201257
282.201257
282.201257
282.201257
282.218661
282.218661
282.218661
282.218661
282.218661
282.218661
282.218661
282.218661
276.979757
276.979757
276.979757
276.979757
276.979757
276.979757
276.979757
276.979757
265.204447
265.204447
265.204447
265.204447
265.204447
265.204447
265.204447
265.204447
280.069824
280.069824
280.069824
280.069824
280.069824
280.069824
280.069824
280.069824
279.497616
279.497616
279.497616
279.497616
279.497616
279.497616
279.497616
279.497616
299.470733
299.470733
299.470733
299.470733
299.470733
299.470733
299.470733
299.470733
281.985224
281.985224
281.985224
281.985224
281.985224
281.985224
281.985224
281.985224
292.680506
292.680506
292.680506
292.680506
292.680506
292.680506
292.680506
292.680506
69.523640
69.523640
69.523640
69.523640
69.523640
69.523640
69.523640
69.523640
-277.453173
-277.453173
-277.453173
-277.453173
-277.453173
-277.453173
-277.453173
-277.453173
-284.899405
-284.899405
-284.899405
-284.899405
-284.899405
-284.899405
-284.899405
-284.899405
-286.808312
-286.808312
-286.808312
-286.808312
-286.808312
-286.808312
-286.808312
-286.808312
-283.621406
-283.621406
-283.621406
-283.621406
-283.621406
-283.621406
-283.621406
-283.621406
-281.983581
-281.983581
-281.983581
-281.983581
-281.983581
-281.983581
-281.983581
-281.983581
-264.904839
-264.904839
-264.904839
-264.904839
-264.904839
-264.904839
-264.904839
-264.904839
-286.053503
-286.053503
-286.053503
-286.053503
-286.053503
-286.053503
-286.053503
-286.053503
-269.324811
-269.324811
-269.324811
-269.324811
-269.324811
-269.324811
-269.324811
-269.324811
-285.579990
-285.579990
-285.579990
-285.579990
-285.579990
-285.579990
-285.579990
-285.579990
-274.923519
-274.923519
-274.923519
-274.923519
-274.923519
-274.923519
-274.923519
-274.923519
-287.830004
-287.830004
-287.830004
-287.830004
-287.830004
-287.830004
-287.830004
-287.830004
-293.884617
-293.884617
-293.884617
-293.884617
-293.884617
-293.884617
-293.884617
-293.884617
-1.548401
-1.548401
-1.548401
-1.548401
-1.548401
-1.548401
-1.548401
-1.548401
275.841577
275.841577
275.841577
275.841577
275.841577
275.841577
275.841577
275.841577
285.287595
285.287595
285.287595
285.287595
285.287595
285.287595
285.287595
285.287595
269.429753
269.429753
269.429753
269.429753
269.429753
269.429753
269.429753
269.429753
284.015769
284.015769
284.015769
284.015769
284.015769
284.015769
284.015769
284.015769
279.114578
279.114578
279.114578
279.114578
279.114578
279.114578
279.114578
279.114578
293.381657
293.381657
293.381657
293.381657
293.381657
293.381657
293.381657
293.381657
295.342400
295.342400
295.342400
295.342400
295.342400
295.342400
295.342400
295.342400
277.709661
277.709661
277.709661
277.709661
277.709661
277.709661
277.709661
277.709661
257.986590
257.986590
257.986590
257.986590
257.986590
257.986590
257.986590
257.986590
282.479376
282.479376
282.479376
282.479376
282.479376
282.479376
282.479376
282.479376
267.549915
267.549915
267.549915
267.549915
267.549915
267.549915
267.549915
267.549915
274.512280
274.512280
274.512280
274.512280
274.512280
274.512280
274.512280
274.512280
-127.138623
-127.138623
-127.138623
-127.138623
-127.138623
-127.138623
-127.138623
-127.138623
-276.823621
-276.823621
-276.823621
-276.823621
-276.823621
-276.823621
-276.823621
-276.823621
-282.709116
-282.709116
-282.709116
-282.709116
-282.709116
-282.709116
-282.709116
-282.709116
-276.078323
-276.078323
-276.078323
-276.078323
-276.078323
-276.078323
-276.078323
-276.078323
-274.272720
-274.272720
-274.272720
-274.272720
-274.272720
-274.272720
-274.272720
-274.272720
-299.899014
-299.899014
-299.899014
-299.899014
-299.899014
-299.899014
-299.899014
-299.899014
-291.316041
-291.316041
-291.316041
-291.316041
-291.316041
-291.316041
-291.316041
-291.316041
-283.331125
-283.331125
-283.331125
-283.331125
-283.331125
-283.331125
-283.331125
-283.331125
-272.017111
-272.017111
-272.017111
-272.017111
-272.017111
-272.017111
-272.017111
-272.017111
-295.134862
-295.134862
-295.134862
-295.134862
-295.134862
-295.134862
-295.134862
-295.134862
-279.375280
-279.375280
-279.375280
-279.375280
-279.375280
-279.375280
-279.375280
-279.375280
-288.838941
-288.838941
-288.838941
-288.838941
-288.838941
-288.838941
-288.838941
-288.838941
-291.482348
-291.482348
-291.482348
-291.482348
-291.482348
-291.482348
-291.482348
-291.482348
