5.885236
5.885236
5.885236
5.885236
287.508414
273.777958
271.202406
277.402761
-1.521789
-1.521789
-1.521789
-1.521789
-0.000000
-0.000000
-0.000000
-0.000000
8.357001
8.357001
8.357001
8.357001
-313.146471
-280.467965
-284.254148
-284.723261
2.938828
2.938828
2.938828
2.938828
284.776534
273.164877
300.534433
285.328194
6.159839
6.159839
6.159839
6.159839
280.506129
276.671013
4.647394
-286.725682
9.403787
9.403787
9.403787
9.403787
-296.445195
-297.818763
-269.728457
-268.913740
10.577328
10.577328
10.577328
10.577328
281.093007
282.280212
285.917097
268.762334
-5.797568
-5.797568
-5.797568
-5.797568
289.164001
274.777353
283.782436
281.415293
-14.114982
-14.114982
-14.114982
-14.114982
-279.913616
-270.248876
-280.716381
-277.549835
27.671030
27.671030
27.671030
27.671030
-229.699060
282.851191
280.070644
268.090151
0.822311
0.822311
0.822311
0.822311
280.069824
279.497616
299.470733
281.985224
2.368919
2.368919
2.368919
2.368919
-286.808312
-283.621406
-281.983581
-264.904839
12.024287
12.024287
12.024287
12.024287
-287.830004
-293.884617
-1.548401
275.841577
22.837868
22.837868
22.837868
22.837868
293.381657
295.342400
277.709661
257.986590
-1.231970
-1.231970
-1.231970
-1.231970
-276.823621
-282.709116
-276.078323
-274.272720
4.401627
4.401627
4.401627
4.401627
-295.134862
-279.375280
-288.838941
-291.482348
-11.758028
-11.758028
-11.758028
-11.758028
-0.275776
1.022399
4.027196
22.223560
-9.493120
-9.493120
-9.493120
-9.493120
75.682813
-9.168683
6.973236
-4.937467
7.674993
7.674993
7.674993
7.674993
0.716850
3.422064
-16.693580
3.493794
3.070517
3.070517
3.070517
3.070517
8.034444
-12.351366
14.002429
-8.253510
1.721148
1.721148
1.721148
1.721148
11.857204
-8.567109
282.428003
-6.585918
1.766545
1.766545
1.766545
1.766545
-18.495901
-4.393688
-13.556402
7.190741
33.754622
33.754622
33.754622
33.754622
-10.823504
5.007279
21.551976
13.025639
20.763183
20.763183
20.763183
20.763183
5.495247
-10.559871
-5.396379
5.795260
-4.780192
-4.780192
-4.780192
-4.780192
9.493657
7.477731
5.820143
-4.781222
0.928955
0.928955
0.928955
0.928955
-80.049867
0.269442
-2.128720
-12.530898
-8.038883
-8.038883
-8.038883
-8.038883
1.826957
-7.005144
9.123529
5.045208
15.791098
15.791098
15.791098
15.791098
1.903903
-3.920145
3.173356
-0.216185
-4.066008
-4.066008
-4.066008
-4.066008
6.440225
6.191481
-276.191552
3.879891
4.070825
4.070825
4.070825
4.070825
12.851920
1.161620
2.830871
14.007032
9.729349
9.729349
9.729349
9.729349
26.261101
7.862649
2.837019
-4.478653
13.446598
13.446598
13.446598
13.446598
-17.381863
9.574230
18.061953
-13.577504
-18.189306
-18.189306
-18.189306
-18.189306
6.221880
0.652531
-13.298733
11.482434
-6.095801
-6.095801
-6.095801
-6.095801
-1.338076
0.147216
1.831703
-13.070049
-14.179817
-14.179817
-14.179817
-14.179817
-21.247121
8.097942
6.084443
5.485351
-14.500531
-14.500531
-14.500531
-14.500531
-15.801095
25.660930
-2.003751
22.772573
-13.122110
-13.122110
-13.122110
-13.122110
-2.893086
-1.672762
-12.877242
-15.827393
12.643913
12.643913
12.643913
12.643913
3.131408
-14.733579
-0.045136
-3.751220
5.778086
5.778086
5.778086
5.778086
23.282962
13.593419
21.665549
-14.360536
0.867649
0.867649
0.867649
0.867649
20.968440
-0.950699
0.951513
1.189174
-4.954875
-4.954875
-4.954875
-4.954875
-5.903531
7.996669
-10.294079
17.830877
-1.742719
-1.742719
-1.742719
-1.742719
9.825693
-14.272090
12.234705
-11.019272
18.871021
18.871021
18.871021
18.871021
-0.602055
1.651118
8.040193
-4.610676
-2.901517
-2.901517
-2.901517
-2.901517
-10.234654
-1.558853
10.478724
11.180545
3.789381
3.789381
3.789381
3.789381
-4.085966
-6.016310
-207.513739
-15.585837
5.658314
5.658314
5.658314
5.658314
-1.002944
6.683392
-2.744229
16.797081
7.498210
7.498210
7.498210
7.498210
-3.360142
17.472881
1.863398
13.653494
5.135414
5.135414
5.135414
5.135414
-9.268678
-6.945591
-13.089522
-24.292833
8.934467
8.934467
8.934467
8.934467
3.857560
6.740277
6.520701
9.592837
-4.478779
-4.478779
-4.478779
-4.478779
1.291955
-9.351884
13.791025
8.683123
0.316630
0.316630
0.316630
0.316630
-7.591553
-0.721595
3.562758
-2.314262
3.842891
3.842891
3.842891
3.842891
-1.962550
8.398468
-1.725823
16.541279
-11.727409
-11.727409
-11.727409
-11.727409
1.174104
-11.700982
-21.255133
6.954426
-13.577593
-13.577593
-13.577593
-13.577593
-0.942442
5.596175
-0.346913
5.425149
2.907768
2.907768
2.907768
2.907768
-12.734929
6.209569
-4.074316
-7.024520
1.211063
1.211063
1.211063
1.211063
-19.974551
-9.650042
3.907359
12.885588
-1.758202
-1.758202
-1.758202
-1.758202
6.046995
-6.260545
4.735253
-1.033017
4.511668
4.511668
4.511668
4.511668
-10.468799
12.709270
15.202212
-5.868934
-4.252845
-4.252845
-4.252845
-4.252845
-1.581231
3.644757
-5.653271
9.208462
6.082528
6.082528
6.082528
6.082528
3.531771
4.219071
-7.986365
13.118289
-11.204846
-11.204846
-11.204846
-11.204846
8.696599
-7.082634
199.798925
9.048991
-2.868781
-2.868781
-2.868781
-2.868781
7.607862
1.902283
-3.326224
9.486568
-9.618041
-9.618041
-9.618041
-9.618041
3.240387
-3.229848
13.822740
-8.079561
0.721595
0.721595
0.721595
0.721595
-10.731273
4.111642
-6.342344
6.804994
10.048848
10.048848
10.048848
10.048848
-2.632732
-10.207823
4.740866
-3.061998
2.733441
2.733441
2.733441
2.733441
-5.394695
-6.935625
3.928373
0.252899
6.443964
6.443964
6.443964
6.443964
10.743416
-1.729350
4.359441
-14.308859
-14.179143
-14.179143
-14.179143
-14.179143
2.190422
-0.815282
18.308917
-4.910651
0.290615
0.290615
0.290615
0.290615
11.739662
-20.209479
11.818540
-10.613255
-9.856993
-9.856993
-9.856993
-9.856993
12.496400
-13.982461
-3.807234
16.220311
1.277558
1.277558
1.277558
1.277558
-18.215301
-0.348023
-6.698379
-11.481286
0.268009
0.268009
0.268009
0.268009
-6.338261
2.233975
-32.308060
8.570509
-1.308106
-1.308106
-1.308106
-1.308106
0.118364
2.923867
-0.004455
16.358111
-4.211652
-4.211652
-4.211652
-4.211652
-8.727398
9.556670
-3.474574
1.917739
-2.304309
-2.304309
-2.304309
-2.304309
10.201390
-1.726382
-2.807682
-6.031521
-9.013339
-9.013339
-9.013339
-9.013339
12.397736
8.063777
-5.497679
-0.582644
-7.517251
-7.517251
-7.517251
-7.517251
-5.187415
1.638830
-160.866757
-10.250993
14.002794
14.002794
14.002794
14.002794
9.022410
13.722016
5.542628
12.493872
0.363659
0.363659
0.363659
0.363659
0.086596
17.793141
16.641822
-11.156106
-0.610850
-0.610850
-0.610850
-0.610850
6.501070
-6.056182
0.370168
-22.855679
0.016257
0.016257
0.016257
0.016257
-6.345341
9.291894
7.314484
9.220916
7.079764
7.079764
7.079764
7.079764
-11.755329
7.774810
6.994930
6.793840
6.900076
6.900076
6.900076
6.900076
-13.278530
0.470776
15.530703
-17.064943
-12.097753
-12.097753
-12.097753
-12.097753
12.349972
9.652191
-8.650554
-3.726855
0.812729
0.812729
0.812729
0.812729
3.294215
-1.952395
10.511264
9.935948
-2.323058
-2.323058
-2.323058
-2.323058
-10.099675
9.780677
11.567601
4.089090
-10.827332
-10.827332
-10.827332
-10.827332
8.496574
7.296792
-0.788201
4.491683
-10.260387
-10.260387
-10.260387
-10.260387
-3.627754
8.657403
2.919385
-5.591447
2.392280
2.392280
2.392280
2.392280
-3.249695
-15.552744
1.269113
-4.883787
5.089720
5.089720
5.089720
5.089720
-4.276374
-4.305006
-4.739160
2.488991
-7.726202
-7.726202
-7.726202
-7.726202
-0.845632
-7.167132
0.627560
-1.661239
2.231762
2.231762
2.231762
2.231762
-13.388410
11.233645
5.095837
-17.327523
15.594093
15.594093
15.594093
15.594093
-8.842019
15.147634
-22.291829
-8.543789
-4.212639
-4.212639
-4.212639
-4.212639
7.056112
7.507058
-2.611950
-10.954021
-23.471446
-23.471446
-23.471446
-23.471446
1.209411
-7.159578
-3.013558
-3.189516
-7.034258
-7.034258
-7.034258
-7.034258
-3.106804
1.930941
-7.717031
1.021899
2.387284
2.387284
2.387284
2.387284
-4.813313
-1.284603
-16.108071
-3.714806
-0.457839
-0.457839
-0.457839
-0.457839
-3.768543
-10.722980
23.645174
4.604978
-10.558835
-10.558835
-10.558835
-10.558835
-1.545965
-7.411084
12.713173
18.202606
6.939661
6.939661
6.939661
6.939661
1.902087
5.738178
-23.297601
-6.603789
-3.558371
-3.558371
-3.558371
-3.558371
10.068387
11.195205
-6.520505
-1.491187
11.433908
11.433908
11.433908
11.433908
2.065478
-13.916239
-8.761828
16.522061
-1.737398
-1.737398
-1.737398
-1.737398
-3.458660
11.166591
-13.352157
12.853853
-0.986944
-0.986944
-0.986944
-0.986944
6.016315
7.173075
9.029117
6.216355
-0.459958
-0.459958
-0.459958
-0.459958
-5.327502
9.797267
2.969434
10.769252
-4.380602
-4.380602
-4.380602
-4.380602
-4.124147
-13.684314
-1.275355
1.619696
4.184698
4.184698
4.184698
4.184698
14.853076
-1.096792
-5.121251
7.483830
-5.641153
-5.641153
-5.641153
-5.641153
7.687697
-5.042681
4.396621
-9.192373
-17.506347
-17.506347
-17.506347
-17.506347
4.158754
12.375167
131.631422
-11.398533
18.067457
18.067457
18.067457
18.067457
-7.182452
10.884758
11.584455
6.866895
9.535905
9.535905
9.535905
9.535905
18.473855
6.482668
1.724535
-0.420928
-17.241842
-17.241842
-17.241842
-17.241842
-8.942340
4.298698
16.369717
-0.832745
3.374506
3.374506
3.374506
3.374506
5.885236
-1.521789
8.357001
2.938828
-13.202943
-13.202943
-13.202943
-13.202943
-14.114982
27.671030
0.822311
2.368919
-8.033988
-8.033988
-8.033988
-8.033988
-11.758028
-9.493120
7.674993
3.070517
-5.205874
-5.205874
-5.205874
-5.205874
-4.780192
0.928955
-8.038883
15.791098
-7.380818
-7.380818
-7.380818
-7.380818
-18.189306
-6.095801
-14.179817
-14.500531
7.435150
7.435150
7.435150
7.435150
-4.954875
-1.742719
18.871021
-2.901517
4.272026
4.272026
4.272026
4.272026
8.934467
-4.478779
0.316630
3.842891
14.637220
14.637220
14.637220
14.637220
-1.758202
4.511668
-4.252845
6.082528
-2.190289
-2.190289
-2.190289
-2.190289
10.048848
2.733441
6.443964
-14.179143
2.409686
2.409686
2.409686
2.409686
-1.308106
-4.211652
-2.304309
-9.013339
6.986920
6.986920
6.986920
6.986920
0.016257
7.079764
6.900076
-12.097753
-11.507102
-11.507102
-11.507102
-11.507102
2.392280
5.089720
-7.726202
2.231762
0.000000
0.000000
0.000000
0.000000
2.387284
-0.457839
-10.558835
6.939661
0.000000
0.000000
0.000000
0.000000
-0.459958
-4.380602
4.184698
-5.641153
0.000000
0.000000
0.000000
0.000000
3.374506
-13.202943
-8.033988
-5.205874
0.000000
0.000000
0.000000
0.000000
-2.190289
2.409686
6.986920
-11.507102
