-0.187121
-0.187121
-0.187121
-0.187121
264.459686
272.044007
289.006554
283.617972
8.820931
8.820931
8.820931
8.820931
-0.000000
-0.000000
-0.000000
-0.000000
10.825828
10.825828
10.825828
10.825828
-271.568466
-253.629779
-191.889734
-129.398875
-4.179816
-4.179816
-4.179816
-4.179816
184.235358
229.924175
253.879002
298.882007
11.299865
11.299865
11.299865
11.299865
127.150245
66.461442
3.448832
-49.889462
5.133475
5.133475
5.133475
5.133475
-272.123181
-282.394218
-244.718998
-234.150008
-2.462830
-2.462830
-2.462830
-2.462830
96.783845
138.612571
172.436594
238.577395
2.096602
2.096602
2.096602
2.096602
210.782376
144.317041
101.313051
37.742628
-10.302062
-10.302062
-10.302062
-10.302062
-270.838127
-273.850671
-287.082618
-278.246917
-10.212735
-10.212735
-10.212735
-10.212735
-17.758039
25.371932
101.358394
179.176998
-9.935701
-9.935701
-9.935701
-9.935701
261.818618
250.178899
196.049585
117.193268
7.877083
7.877083
7.877083
7.877083
-194.142701
-235.727027
-258.015237
-280.294999
-2.861155
-2.861155
-2.861155
-2.861155
-123.776930
-51.303013
2.173963
55.124826
5.307990
5.307990
5.307990
5.307990
258.088363
284.997392
267.201976
217.740179
-8.270554
-8.270554
-8.270554
-8.270554
-93.501610
-149.177773
-205.803344
-242.030705
2.609085
2.609085
2.609085
2.609085
-208.678858
-152.097199
-106.344618
-36.107757
-22.764434
-22.764434
-22.764434
-22.764434
-4.871902
-10.502663
17.205969
-3.661482
-14.963790
-14.963790
-14.963790
-14.963790
32.140482
29.622278
23.329033
16.740414
14.589001
14.589001
14.589001
14.589001
-7.373935
-7.635653
12.430350
-15.362063
24.178946
24.178946
24.178946
24.178946
-18.281113
-4.256894
-4.466988
-11.239262
-2.479701
-2.479701
-2.479701
-2.479701
17.240333
6.133548
23.978647
-7.209125
4.042367
4.042367
4.042367
4.042367
5.174840
-4.769641
-4.500195
-21.259160
-2.607297
-2.607297
-2.607297
-2.607297
-4.566461
-9.921634
-5.470286
-15.287646
-14.808438
-14.808438
-14.808438
-14.808438
3.059745
-4.986614
24.214518
17.134408
17.272704
17.272704
17.272704
17.272704
-5.738687
10.318581
8.608754
9.446166
12.746807
12.746807
12.746807
12.746807
-9.116815
-9.372805
-28.385115
-15.489601
13.821889
13.821889
13.821889
13.821889
2.595647
16.619842
28.342143
8.177637
-4.314619
-4.314619
-4.314619
-4.314619
16.246407
-2.865394
22.714035
2.556264
-7.099337
-7.099337
-7.099337
-7.099337
-16.842687
-7.548575
-7.927191
-12.732894
1.380057
1.380057
1.380057
1.380057
-15.779482
1.366141
-0.455990
27.366681
-19.272072
-19.272072
-19.272072
-19.272072
6.298871
17.091206
26.144253
-1.135428
-29.187615
-29.187615
-29.187615
-29.187615
-0.241710
-12.930860
-28.806290
-18.862015
-0.576271
-0.576271
-0.576271
-0.576271
-10.024749
-0.816517
7.088533
-3.609244
-0.202027
-0.202027
-0.202027
-0.202027
17.560344
-4.744094
-3.632635
10.443088
-11.620867
-11.620867
-11.620867
-11.620867
13.135450
17.053913
27.834070
3.255242
5.441804
5.441804
5.441804
5.441804
-6.643287
6.016003
-6.262790
-0.634819
-11.926080
-11.926080
-11.926080
-11.926080
5.250668
9.192416
7.829906
-12.665725
9.612135
9.612135
9.612135
9.612135
-7.236797
7.064449
4.921346
-8.260841
1.893096
1.893096
1.893096
1.893096
0.348015
-13.264762
-23.453917
-3.488113
-1.664026
-1.664026
-1.664026
-1.664026
12.677642
-6.622601
12.611168
-25.935050
6.746607
6.746607
6.746607
6.746607
-3.285093
8.217554
-13.770213
1.872308
-4.619189
-4.619189
-4.619189
-4.619189
-4.802050
23.621263
13.265983
7.635855
0.347119
0.347119
0.347119
0.347119
2.601107
-8.683665
-12.419434
-5.805334
-11.038258
-11.038258
-11.038258
-11.038258
0.465405
-30.339268
5.363079
-16.039242
-11.734056
-11.734056
-11.734056
-11.734056
-22.527918
-12.788530
-12.838465
10.674189
4.554864
4.554864
4.554864
4.554864
-10.665228
1.740710
-4.907735
-8.295952
7.518242
7.518242
7.518242
7.518242
-14.307810
19.689221
7.911694
14.894155
4.496370
4.496370
4.496370
4.496370
0.219212
12.726752
6.555506
23.503000
11.444525
11.444525
11.444525
11.444525
-7.621146
7.746723
-6.229400
-2.368491
11.539182
11.539182
11.539182
11.539182
29.470210
-0.312679
0.263167
13.359814
-9.088183
-9.088183
-9.088183
-9.088183
-2.742218
-17.389090
0.680343
-3.031111
-8.418200
-8.418200
-8.418200
-8.418200
2.045553
6.814412
-6.601462
8.429497
1.475995
1.475995
1.475995
1.475995
9.430251
13.422689
14.957701
6.437514
11.125151
11.125151
11.125151
11.125151
-2.499045
4.863462
-18.261885
5.899387
-3.232392
-3.232392
-3.232392
-3.232392
12.495995
13.396661
16.999529
12.778048
8.645691
8.645691
8.645691
8.645691
7.196632
-9.018711
16.315289
-0.687598
8.001385
8.001385
8.001385
8.001385
-3.684388
-4.507098
-4.588303
-15.740182
15.588999
15.588999
15.588999
15.588999
-25.893948
4.266291
-13.752099
-3.012477
-8.257215
-8.257215
-8.257215
-8.257215
-3.077036
10.032339
-3.411598
-5.552680
14.453539
14.453539
14.453539
14.453539
11.072685
6.334103
6.751821
-0.588475
11.500956
11.500956
11.500956
11.500956
16.590615
29.102071
7.428713
14.598377
9.111751
9.111751
9.111751
9.111751
-1.926492
4.289668
12.282764
1.905234
5.538874
5.538874
5.538874
5.538874
-4.654394
-8.588785
-8.994302
-0.510616
16.209927
16.209927
16.209927
16.209927
-19.064596
-10.871896
-11.300667
-16.267725
5.030630
5.030630
5.030630
5.030630
-10.205609
1.353138
0.276879
-18.580164
-2.861197
-2.861197
-2.861197
-2.861197
-7.645652
18.482760
0.671738
-16.279579
11.612052
11.612052
11.612052
11.612052
11.771471
-4.531595
2.579596
6.038318
-5.872609
-5.872609
-5.872609
-5.872609
0.156162
-4.225479
-16.359423
1.279325
1.111553
1.111553
1.111553
1.111553
5.663641
20.445466
-1.427020
0.621097
0.767008
0.767008
0.767008
0.767008
16.819600
-2.122162
2.397700
-5.113666
-4.809824
-4.809824
-4.809824
-4.809824
29.274494
-0.678577
21.383900
1.658182
-16.604659
-16.604659
-16.604659
-16.604659
9.913634
-0.056053
-1.858296
1.987103
-1.524236
-1.524236
-1.524236
-1.524236
13.387091
-8.572843
15.773461
-2.988872
9.057559
9.057559
9.057559
9.057559
-1.438330
12.007941
7.324020
-5.230973
-14.392075
-14.392075
-14.392075
-14.392075
7.954003
2.273812
13.974539
-2.907637
9.587287
9.587287
9.587287
9.587287
1.907371
-0.016925
-3.606750
-18.860565
9.579111
9.579111
9.579111
9.579111
-4.160014
3.421409
2.769121
-10.119736
-11.764296
-11.764296
-11.764296
-11.764296
-7.525800
-18.778241
-3.751178
2.229899
4.275549
4.275549
4.275549
4.275549
7.423994
11.548955
14.424943
-5.932185
-11.032248
-11.032248
-11.032248
-11.032248
-7.416311
1.585875
-4.284641
4.494239
-15.748855
-15.748855
-15.748855
-15.748855
-14.339810
6.253443
-9.078384
-14.171177
4.512156
4.512156
4.512156
4.512156
15.839501
-4.375975
-1.359742
-3.682934
10.630757
10.630757
10.630757
10.630757
-10.089719
24.917762
6.727558
12.638399
7.621037
7.621037
7.621037
7.621037
-4.327784
-14.062680
-0.881469
1.139388
1.484985
1.484985
1.484985
1.484985
-2.612746
9.899105
12.924404
-16.150053
1.855864
1.855864
1.855864
1.855864
-1.698475
8.328938
2.661031
-4.189980
-22.635141
-22.635141
-22.635141
-22.635141
4.775824
-4.391805
-2.257467
1.546289
-13.158750
-13.158750
-13.158750
-13.158750
-19.744611
-5.957781
-7.488658
2.795841
8.729102
8.729102
8.729102
8.729102
21.582904
-9.102010
3.554840
-2.859002
-7.412172
-7.412172
-7.412172
-7.412172
-7.453021
12.958111
-3.806575
5.099537
-5.796101
-5.796101
-5.796101
-5.796101
5.404849
-1.921909
-13.373043
-24.427586
8.183983
8.183983
8.183983
8.183983
-8.338207
-23.921851
0.277877
-0.536881
9.829934
9.829934
9.829934
9.829934
9.303272
9.810207
9.491929
18.498100
12.891070
12.891070
12.891070
12.891070
-4.979687
4.161082
2.536748
15.258300
-2.344259
-2.344259
-2.344259
-2.344259
3.168334
-0.853017
-0.344462
11.052299
19.555289
19.555289
19.555289
19.555289
-3.530126
3.528529
21.117789
-1.055619
7.806720
7.806720
7.806720
7.806720
8.360570
3.879192
-5.240741
18.859478
8.186225
8.186225
8.186225
8.186225
11.308143
-0.640558
-4.744590
5.072959
-18.867766
-18.867766
-18.867766
-18.867766
8.431585
5.008702
16.538907
-9.609792
-4.991432
-4.991432
-4.991432
-4.991432
11.210307
-3.050427
0.481352
-19.404000
-5.947778
-5.947778
-5.947778
-5.947778
-9.210622
11.737881
-16.607938
5.226088
29.728048
29.728048
29.728048
29.728048
-8.686240
2.046848
-2.110529
3.255251
18.753294
18.753294
18.753294
18.753294
12.057613
-8.914496
21.836476
-4.031240
-4.723720
-4.723720
-4.723720
-4.723720
12.541886
-0.814873
-6.608960
6.379679
-14.668031
-14.668031
-14.668031
-14.668031
-2.803537
2.354186
-25.935068
10.598220
-9.611910
-9.611910
-9.611910
-9.611910
14.071819
-13.765352
6.518367
-9.682631
-10.070262
-10.070262
-10.070262
-10.070262
4.669523
-2.962440
2.136958
-7.705807
-0.183571
-0.183571
-0.183571
-0.183571
-15.654405
10.000562
3.227478
7.111111
-5.931878
-5.931878
-5.931878
-5.931878
-10.315753
-3.789300
-6.226990
0.844137
13.177930
13.177930
13.177930
13.177930
-7.210554
3.734346
-2.865433
0.696798
-9.687841
-9.687841
-9.687841
-9.687841
7.257773
8.088552
-4.374975
8.622033
-2.270856
-2.270856
-2.270856
-2.270856
7.811841
19.400903
-2.919306
-6.181439
-26.243927
-26.243927
-26.243927
-26.243927
-0.187121
8.820931
10.825828
-4.179816
-16.550844
-16.550844
-16.550844
-16.550844
-10.302062
-10.212735
-9.935701
7.877083
1.591530
1.591530
1.591530
1.591530
-22.764434
-14.963790
14.589001
24.178946
-7.901101
-7.901101
-7.901101
-7.901101
17.272704
12.746807
13.821889
-4.314619
-5.312818
-5.312818
-5.312818
-5.312818
-0.576271
-0.202027
-11.620867
5.441804
1.007101
1.007101
1.007101
1.007101
6.746607
-4.619189
0.347119
-11.038258
5.748574
5.748574
5.748574
5.748574
11.444525
11.539182
-9.088183
-8.418200
-2.707317
-2.707317
-2.707317
-2.707317
8.001385
15.588999
-8.257215
14.453539
6.126391
6.126391
6.126391
6.126391
5.030630
-2.861197
11.612052
-5.872609
11.622260
11.622260
11.622260
11.622260
-1.524236
9.057559
-14.392075
9.587287
-19.411163
-19.411163
-19.411163
-19.411163
-15.748855
4.512156
10.630757
7.621037
-7.765243
-7.765243
-7.765243
-7.765243
8.729102
-7.412172
-5.796101
8.183983
0.000000
0.000000
0.000000
0.000000
7.806720
8.186225
-18.867766
-4.991432
0.000000
0.000000
0.000000
0.000000
-14.668031
-9.611910
-10.070262
-0.183571
0.000000
0.000000
0.000000
0.000000
-26.243927
-16.550844
1.591530
-7.901101
0.000000
0.000000
0.000000
0.000000
6.126391
11.622260
-19.411163
-7.765243
