40.184560
40.184560
40.184560
40.184560
40.184560
40.184560
40.184560
40.184560
86.621235
86.621235
86.621235
86.621235
86.621235
86.621235
86.621235
86.621235
151.763819
151.763819
151.763819
151.763819
151.763819
151.763819
151.763819
151.763819
194.580547
194.580547
194.580547
194.580547
194.580547
194.580547
194.580547
194.580547
264.459686
264.459686
264.459686
264.459686
264.459686
264.459686
264.459686
264.459686
272.044007
272.044007
272.044007
272.044007
272.044007
272.044007
272.044007
272.044007
289.006554
289.006554
289.006554
289.006554
289.006554
289.006554
289.006554
289.006554
283.617972
283.617972
283.617972
283.617972
283.617972
283.617972
283.617972
283.617972
255.171031
255.171031
255.171031
255.171031
255.171031
255.171031
255.171031
255.171031
219.082048
219.082048
219.082048
219.082048
219.082048
219.082048
219.082048
219.082048
149.172217
149.172217
149.172217
149.172217
149.172217
149.172217
149.172217
149.172217
92.225355
92.225355
92.225355
92.225355
92.225355
92.225355
92.225355
92.225355
21.695129
21.695129
21.695129
21.695129
21.695129
21.695129
21.695129
21.695129
-31.554185
-31.554185
-31.554185
-31.554185
-31.554185
-31.554185
-31.554185
-31.554185
-115.846093
-115.846093
-115.846093
-115.846093
-115.846093
-115.846093
-115.846093
-115.846093
-177.139586
-177.139586
-177.139586
-177.139586
-177.139586
-177.139586
-177.139586
-177.139586
-193.587767
-193.587767
-193.587767
-193.587767
-193.587767
-193.587767
-193.587767
-193.587767
-259.109003
-259.109003
-259.109003
-259.109003
-259.109003
-259.109003
-259.109003
-259.109003
-279.684499
-279.684499
-279.684499
-279.684499
-279.684499
-279.684499
-279.684499
-279.684499
-275.105934
-275.105934
-275.105934
-275.105934
-275.105934
-275.105934
-275.105934
-275.105934
-271.568466
-271.568466
-271.568466
-271.568466
-271.568466
-271.568466
-271.568466
-271.568466
-253.629779
-253.629779
-253.629779
-253.629779
-253.629779
-253.629779
-253.629779
-253.629779
-191.889734
-191.889734
-191.889734
-191.889734
-191.889734
-191.889734
-191.889734
-191.889734
-129.398875
-129.398875
-129.398875
-129.398875
-129.398875
-129.398875
-129.398875
-129.398875
-68.007271
-68.007271
-68.007271
-68.007271
-68.007271
-68.007271
-68.007271
-68.007271
3.167293
3.167293
3.167293
3.167293
3.167293
3.167293
3.167293
3.167293
55.700386
55.700386
55.700386
55.700386
55.700386
55.700386
55.700386
55.700386
113.967134
113.967134
113.967134
113.967134
113.967134
113.967134
113.967134
113.967134
184.235358
184.235358
184.235358
184.235358
184.235358
184.235358
184.235358
184.235358
229.924175
229.924175
229.924175
229.924175
229.924175
229.924175
229.924175
229.924175
253.879002
253.879002
253.879002
253.879002
253.879002
253.879002
253.879002
253.879002
298.882007
298.882007
298.882007
298.882007
298.882007
298.882007
298.882007
298.882007
266.884015
266.884015
266.884015
266.884015
266.884015
266.884015
266.884015
266.884015
264.753279
264.753279
264.753279
264.753279
264.753279
264.753279
264.753279
264.753279
237.700790
237.700790
237.700790
237.700790
237.700790
237.700790
237.700790
237.700790
202.175302
202.175302
202.175302
202.175302
202.175302
202.175302
202.175302
202.175302
127.150245
127.150245
127.150245
127.150245
127.150245
127.150245
127.150245
127.150245
66.461442
66.461442
66.461442
66.461442
66.461442
66.461442
66.461442
66.461442
3.448832
3.448832
3.448832
3.448832
3.448832
3.448832
3.448832
3.448832
-49.889462
-49.889462
-49.889462
-49.889462
-49.889462
-49.889462
-49.889462
-49.889462
-129.087687
-129.087687
-129.087687
-129.087687
-129.087687
-129.087687
-129.087687
-129.087687
-197.606999
-197.606999
-197.606999
-197.606999
-197.606999
-197.606999
-197.606999
-197.606999
-235.566275
-235.566275
-235.566275
-235.566275
-235.566275
-235.566275
-235.566275
-235.566275
-256.059919
-256.059919
-256.059919
-256.059919
-256.059919
-256.059919
-256.059919
-256.059919
-272.123181
-272.123181
-272.123181
-272.123181
-272.123181
-272.123181
-272.123181
-272.123181
-282.394218
-282.394218
-282.394218
-282.394218
-282.394218
-282.394218
-282.394218
-282.394218
-244.718998
-244.718998
-244.718998
-244.718998
-244.718998
-244.718998
-244.718998
-244.718998
-234.150008
-234.150008
-234.150008
-234.150008
-234.150008
-234.150008
-234.150008
-234.150008
-170.611687
-170.611687
-170.611687
-170.611687
-170.611687
-170.611687
-170.611687
-170.611687
-113.928436
-113.928436
-113.928436
-113.928436
-113.928436
-113.928436
-113.928436
-113.928436
-42.732298
-42.732298
-42.732298
-42.732298
-42.732298
-42.732298
-42.732298
-42.732298
31.381894
31.381894
31.381894
31.381894
31.381894
31.381894
31.381894
31.381894
96.783845
96.783845
96.783845
96.783845
96.783845
96.783845
96.783845
96.783845
138.612571
138.612571
138.612571
138.612571
138.612571
138.612571
138.612571
138.612571
172.436594
172.436594
172.436594
172.436594
172.436594
172.436594
172.436594
172.436594
238.577395
238.577395
238.577395
238.577395
238.577395
238.577395
238.577395
238.577395
278.848161
278.848161
278.848161
278.848161
278.848161
278.848161
278.848161
278.848161
273.729229
273.729229
273.729229
273.729229
273.729229
273.729229
273.729229
273.729229
268.027929
268.027929
268.027929
268.027929
268.027929
268.027929
268.027929
268.027929
271.158448
271.158448
271.158448
271.158448
271.158448
271.158448
271.158448
271.158448
210.782376
210.782376
210.782376
210.782376
210.782376
210.782376
210.782376
210.782376
144.317041
144.317041
144.317041
144.317041
144.317041
144.317041
144.317041
144.317041
101.313051
101.313051
101.313051
101.313051
101.313051
101.313051
101.313051
101.313051
37.742628
37.742628
37.742628
37.742628
37.742628
37.742628
37.742628
37.742628
-42.668766
-42.668766
-42.668766
-42.668766
-42.668766
-42.668766
-42.668766
-42.668766
-75.940797
-75.940797
-75.940797
-75.940797
-75.940797
-75.940797
-75.940797
-75.940797
-164.058865
-164.058865
-164.058865
-164.058865
-164.058865
-164.058865
-164.058865
-164.058865
-214.901866
-214.901866
-214.901866
-214.901866
-214.901866
-214.901866
-214.901866
-214.901866
-270.838127
-270.838127
-270.838127
-270.838127
-270.838127
-270.838127
-270.838127
-270.838127
-273.850671
-273.850671
-273.850671
-273.850671
-273.850671
-273.850671
-273.850671
-273.850671
-287.082618
-287.082618
-287.082618
-287.082618
-287.082618
-287.082618
-287.082618
-287.082618
-278.246917
-278.246917
-278.246917
-278.246917
-278.246917
-278.246917
-278.246917
-278.246917
-237.684944
-237.684944
-237.684944
-237.684944
-237.684944
-237.684944
-237.684944
-237.684944
-211.792019
-211.792019
-211.792019
-211.792019
-211.792019
-211.792019
-211.792019
-211.792019
-157.884657
-157.884657
-157.884657
-157.884657
-157.884657
-157.884657
-157.884657
-157.884657
-103.914558
-103.914558
-103.914558
-103.914558
-103.914558
-103.914558
-103.914558
-103.914558
-17.758039
-17.758039
-17.758039
-17.758039
-17.758039
-17.758039
-17.758039
-17.758039
25.371932
25.371932
25.371932
25.371932
25.371932
25.371932
25.371932
25.371932
101.358394
101.358394
101.358394
101.358394
101.358394
101.358394
101.358394
101.358394
179.176998
179.176998
179.176998
179.176998
179.176998
179.176998
179.176998
179.176998
222.975386
222.975386
222.975386
222.975386
222.975386
222.975386
222.975386
222.975386
253.878531
253.878531
253.878531
253.878531
253.878531
253.878531
253.878531
253.878531
283.895014
283.895014
283.895014
283.895014
283.895014
283.895014
283.895014
283.895014
269.553264
269.553264
269.553264
269.553264
269.553264
269.553264
269.553264
269.553264
261.818618
261.818618
261.818618
261.818618
261.818618
261.818618
261.818618
261.818618
250.178899
250.178899
250.178899
250.178899
250.178899
250.178899
250.178899
250.178899
196.049585
196.049585
196.049585
196.049585
196.049585
196.049585
196.049585
196.049585
117.193268
117.193268
117.193268
117.193268
117.193268
117.193268
117.193268
117.193268
82.216428
82.216428
82.216428
82.216428
82.216428
82.216428
82.216428
82.216428
7.202796
7.202796
7.202796
7.202796
7.202796
7.202796
7.202796
7.202796
-77.913167
-77.913167
-77.913167
-77.913167
-77.913167
-77.913167
-77.913167
-77.913167
-111.457547
-111.457547
-111.457547
-111.457547
-111.457547
-111.457547
-111.457547
-111.457547
-194.142701
-194.142701
-194.142701
-194.142701
-194.142701
-194.142701
-194.142701
-194.142701
-235.727027
-235.727027
-235.727027
-235.727027
-235.727027
-235.727027
-235.727027
-235.727027
-258.015237
-258.015237
-258.015237
-258.015237
-258.015237
-258.015237
-258.015237
-258.015237
-280.294999
-280.294999
-280.294999
-280.294999
-280.294999
-280.294999
-280.294999
-280.294999
-293.213284
-293.213284
-293.213284
-293.213284
-293.213284
-293.213284
-293.213284
-293.213284
-265.356120
-265.356120
-265.356120
-265.356120
-265.356120
-265.356120
-265.356120
-265.356120
-234.106073
-234.106073
-234.106073
-234.106073
-234.106073
-234.106073
-234.106073
-234.106073
-182.510985
-182.510985
-182.510985
-182.510985
-182.510985
-182.510985
-182.510985
-182.510985
-123.776930
-123.776930
-123.776930
-123.776930
-123.776930
-123.776930
-123.776930
-123.776930
-51.303013
-51.303013
-51.303013
-51.303013
-51.303013
-51.303013
-51.303013
-51.303013
2.173963
2.173963
2.173963
2.173963
2.173963
2.173963
2.173963
2.173963
55.124826
55.124826
55.124826
55.124826
55.124826
55.124826
55.124826
55.124826
134.120548
134.120548
134.120548
134.120548
134.120548
134.120548
134.120548
134.120548
203.169522
203.169522
203.169522
203.169522
203.169522
203.169522
203.169522
203.169522
217.669301
217.669301
217.669301
217.669301
217.669301
217.669301
217.669301
217.669301
269.619145
269.619145
269.619145
269.619145
269.619145
269.619145
269.619145
269.619145
258.088363
258.088363
258.088363
258.088363
258.088363
258.088363
258.088363
258.088363
284.997392
284.997392
284.997392
284.997392
284.997392
284.997392
284.997392
284.997392
267.201976
267.201976
267.201976
267.201976
267.201976
267.201976
267.201976
267.201976
217.740179
217.740179
217.740179
217.740179
217.740179
217.740179
217.740179
217.740179
175.900272
175.900272
175.900272
175.900272
175.900272
175.900272
175.900272
175.900272
139.562173
139.562173
139.562173
139.562173
139.562173
139.562173
139.562173
139.562173
49.478614
49.478614
49.478614
49.478614
49.478614
49.478614
49.478614
49.478614
-21.702848
-21.702848
-21.702848
-21.702848
-21.702848
-21.702848
-21.702848
-21.702848
-93.501610
-93.501610
-93.501610
-93.501610
-93.501610
-93.501610
-93.501610
-93.501610
-149.177773
-149.177773
-149.177773
-149.177773
-149.177773
-149.177773
-149.177773
-149.177773
-205.803344
-205.803344
-205.803344
-205.803344
-205.803344
-205.803344
-205.803344
-205.803344
-242.030705
-242.030705
-242.030705
-242.030705
-242.030705
-242.030705
-242.030705
-242.030705
-260.668616
-260.668616
-260.668616
-260.668616
-260.668616
-260.668616
-260.668616
-260.668616
-274.042040
-274.042040
-274.042040
-274.042040
-274.042040
-274.042040
-274.042040
-274.042040
-288.296167
-288.296167
-288.296167
-288.296167
-288.296167
-288.296167
-288.296167
-288.296167
-240.210398
-240.210398
-240.210398
-240.210398
-240.210398
-240.210398
-240.210398
-240.210398
-208.678858
-208.678858
-208.678858
-208.678858
-208.678858
-208.678858
-208.678858
-208.678858
-152.097199
-152.097199
-152.097199
-152.097199
-152.097199
-152.097199
-152.097199
-152.097199
-106.344618
-106.344618
-106.344618
-106.344618
-106.344618
-106.344618
-106.344618
-106.344618
-36.107757
-36.107757
-36.107757
-36.107757
-36.107757
-36.107757
-36.107757
-36.107757
