8.357097
7.113457
21.852991
12.473603
4.419317
19.959520
6.087753
33.395360
15.759326
30.192236
27.277680
25.364053
44.353767
43.962200
15.908135
42.184454
38.023313
46.716294
50.358825
54.430282
55.131685
63.913892
58.493502
62.185110
61.453774
72.266358
72.840819
46.702249
72.943793
71.993812
64.566646
87.589448
95.572419
88.548068
88.854914
94.137164
88.961594
97.018469
93.140876
101.771445
104.115328
87.467954
85.941695
92.350339
101.207838
97.559737
104.676615
96.137143
126.404745
107.680550
86.798858
112.165749
84.213987
103.233956
91.414683
105.521448
97.273672
97.052825
97.808019
103.783749
95.222310
118.358028
97.251700
95.442461
95.463537
85.995575
83.285281
115.776482
77.998962
101.121494
89.149440
72.941893
86.115489
78.105891
87.595704
58.681448
76.019992
78.038103
77.989671
77.111307
65.754124
65.842887
41.840638
63.485474
60.854688
48.699036
36.365049
39.080850
64.285231
40.498724
23.057312
26.058503
30.061282
26.670422
21.494703
28.726518
22.719018
14.189496
8.827493
30.399045
10.272549
-8.573880
-13.259441
-3.211187
26.395613
-15.004773
-7.541311
-6.581658
-5.600549
-35.841951
-21.364529
-23.709553
-26.642629
-45.420098
-26.162048
-32.614105
-41.012998
-51.382675
-57.752642
-46.675037
-52.831068
-66.851064
-53.617912
-53.538641
-70.178355
-67.550327
-66.824428
-69.634616
-57.181254
-67.882656
-58.988773
-75.003542
-83.974877
-71.450204
-68.665739
-64.401848
-87.689361
-106.621566
-91.984498
-79.860668
-81.777995
-104.085038
-92.539355
-88.312451
-84.995574
-112.230541
-103.136665
-104.590787
-95.554971
-88.309441
-105.021201
-97.228043
-92.618749
-90.584643
-90.940705
-107.922498
-100.166621
-110.524349
-96.378617
-88.980904
-105.785200
-87.585097
-111.277651
-89.836179
-82.876528
-93.481457
-88.705019
-108.564484
-86.524218
-97.772878
-90.986183
-94.201839
-81.919968
-101.682950
-84.198665
-80.086645
-71.954077
-62.179668
-53.697360
-65.962791
-71.695448
-65.716220
-84.555508
-66.985058
-47.371333
-50.068762
-53.653361
-53.629426
-46.998880
-41.898165
-49.524115
-22.851248
-20.395200
-33.588628
-28.924839
-40.274816
-22.999179
-27.044281
-18.570598
-0.556070
-14.221993
-8.338845
8.220746
3.382143
7.324433
3.408305
-2.563900
11.747568
11.186870
20.924196
4.076651
27.338386
25.879107
7.865321
35.870119
24.403832
24.431948
35.075036
39.929187
66.485631
34.709943
40.014910
42.427316
39.273763
55.996488
57.451556
66.589002
54.657698
63.892692
82.562758
67.519786
72.426303
83.031707
72.532594
89.955058
73.622369
88.854957
68.455006
82.741353
91.130729
95.409581
93.628988
95.212607
68.470677
87.621339
88.434262
108.534494
80.766309
102.758528
113.246775
96.512867
94.270100
93.647202
99.706600
125.789858
119.434044
81.137055
98.729422
89.316240
120.763111
92.399673
87.846869
95.075344
89.594272
88.601962
108.881515
100.667294
91.823590
87.826477
100.665250
75.164098
95.205169
87.649392
82.258066
83.794677
92.682967
98.038164
73.146519
79.218946
75.530629
69.960653
47.560216
69.436366
75.624930
77.288657
79.211622
73.773604
78.982060
44.795105
51.320717
59.014716
49.068575
43.550699
45.828192
30.925747
35.131450
18.463285
32.732303
43.354135
8.115098
30.009506
20.495303
26.342556
8.469160
8.263220
6.328887
17.233215
6.962991
9.038216
0.066275
-20.324423
-17.813612
-16.614613
-10.494202
-36.764207
-16.876574
-11.895144
-10.648558
-18.102037
-19.713374
-24.496771
-55.066187
-32.399429
-52.823081
-63.105730
-46.344045
-52.001599
-38.878273
-52.543909
-48.848929
-58.508883
-72.508332
-65.429480
-83.707348
-100.104870
-77.265245
-80.837498
-80.002721
-88.060229
-77.982203
-81.977315
-96.406046
-73.000980
-88.015050
-92.768876
-90.366870
-73.258991
-85.037887
-96.724583
-100.487849
-95.763645
-89.838119
-86.388282
-97.138369
-97.814350
-96.180963
-82.870331
-88.240553
-111.551434
-109.496303
-102.371799
-109.125834
-100.412170
-94.201220
-104.399448
-101.206908
-92.413652
-94.600435
-86.554383
-89.204793
-90.582274
-86.107713
-94.885491
-105.314121
-71.654459
-67.866617
-101.580786
-73.657690
-97.195104
-88.769530
-88.583183
-77.992621
-65.271703
-69.225618
-61.295383
-61.684421
-59.561402
-60.874820
-82.265127
-50.629297
-55.488608
-50.763666
-37.282899
-67.805734
-48.675033
-35.802847
-31.098079
-36.125383
-34.745772
-30.702532
-38.045343
-23.386843
-10.380235
-5.996115
-13.758866
-20.557991
-11.592613
2.852816
-9.030406
1.509758
18.240908
-0.084628
22.176881
27.560191
17.800265
10.588430
41.697647
36.616621
36.222981
15.877825
21.217303
41.774823
45.360945
34.977905
48.869498
41.225887
44.591547
47.309537
37.262257
56.174596
41.038205
75.584029
50.138481
57.259299
57.774364
70.953872
61.626625
65.913247
55.465110
68.593342
70.594977
82.386983
64.483412
98.314018
85.803359
85.410381
93.523189
94.282454
93.601600
109.662156
92.709102
80.722132
96.520695
109.679816
92.793307
113.012893
101.861097
88.704283
106.035849
92.162121
109.996701
96.573086
102.525151
76.364887
95.233959
94.273124
112.197927
105.924777
104.050171
90.872889
85.129832
70.414785
88.324055
95.366397
86.875862
80.991203
113.089428
109.501924
107.190768
85.612273
64.998033
87.076510
78.200143
72.143742
72.872069
65.992717
81.429308
73.470067
53.631961
49.151261
46.526705
47.733053
55.247056
55.734199
57.898154
42.267844
46.795805
42.184802
51.983991
36.558192
45.291277
21.952370
28.300824
13.489319
20.183539
25.175891
18.619256
13.629163
33.970138
4.105074
-5.211829
-3.718959
-26.508293
-15.803476
-13.133181
-12.288633
-5.144044
-22.340978
-5.352823
-20.114067
-8.274731
-20.098363
-22.056057
-27.542063
-35.887575
-28.476047
-22.893422
-49.564752
-46.286972
-60.145416
-39.574704
-51.615392
-45.323599
-80.132708
-76.456468
-64.493285
-73.089826
-89.081955
-75.309434
-74.403548
-78.526553
-71.816689
-69.216007
-76.390254
-103.130214
-92.387420
-117.633690
-77.987357
-103.913146
-73.763114
-91.211375
-106.019588
-74.112017
-86.036079
-102.729593
-109.812967
-85.700012
-109.089559
-110.338369
-96.748071
-89.572268
-77.868280
-112.510267
-113.870700
-99.463055
-109.934998
-112.262480
-96.510216
-86.976949
-102.830718
-97.323978
-93.010023
-94.694590
-95.375325
-122.115472
-94.674072
-103.301875
-86.817635
-77.809885
-96.187595
-61.273904
-99.613715
-77.432023
-69.837909
-72.439554
-59.413768
-70.760605
-87.360476
-94.103616
-70.616445
-68.476511
-75.867315
-47.742956
-68.550344
-59.854130
-50.954734
-72.373521
-54.747110
-46.231137
-46.111313
-49.820098
-37.535900
-42.911002
-45.805682
-32.468443
-29.483704
-25.643153
-30.246772
-12.071538
2.985047
-15.385694
-13.534598
-7.328308
-8.729285
11.825182
-7.988126
15.506778
-1.545261
-1.971168
10.635834
22.418476
-8.462965
14.739967
20.441000
16.237697
37.407757
22.936121
26.618226
66.174643
32.382284
34.991320
49.936783
63.439956
45.703050
60.596763
61.749168
68.366545
77.713025
69.121402
60.099173
65.166302
89.660206
83.104016
77.632929
80.557837
65.706617
91.826187
77.015535
86.545496
90.510297
94.643692
91.314371
74.185579
110.863305
92.501165
77.513018
94.361040
115.971148
98.797305
92.674381
111.308963
102.699969
105.815216
81.348337
113.723434
93.822877
79.081881
98.549029
102.136574
92.918211
84.243224
97.936532
98.007203
72.298146
103.091975
100.540914
102.291128
90.556415
89.091782
84.657318
103.201808
96.598106
86.660481
90.850003
86.585235
83.563120
74.628188
85.525844
79.156227
77.013640
78.855295
82.312663
51.002843
72.447688
49.516604
64.207004
24.125030
46.263702
60.527717
46.384786
43.774711
39.210368
40.621467
30.564838
42.030429
24.359161
43.297613
25.012523
37.386269
25.463511
15.201746
19.791923
0.539468
15.128146
10.705804
16.064683
-14.473889
-5.667595
-0.365121
-1.558912
-18.485960
-17.985952
-27.168324
-34.295578
-31.646016
-16.175274
-34.434059
-40.180552
-32.212356
-22.015093
-41.472672
-46.753835
-38.836041
-34.783707
-49.095211
-50.080633
-52.386834
-76.869324
-60.787967
-61.539226
-77.857085
-60.576740
-77.313084
-81.788222
-73.612941
-83.876981
-84.245888
-95.684827
-93.146709
-86.959561
-68.508206
-80.701603
-83.889114
-75.297329
-99.150076
-74.429632
-95.043664
-112.480619
-94.206379
-95.280482
-84.514021
-95.561633
-92.634606
-120.071626
-102.411083
-98.282561
-104.030162
-95.288287
-87.435147
-92.936367
-116.611779
-111.538241
-107.748772
-110.215035
-95.723577
-107.123487
-100.940811
-100.676181
-88.523007
-100.997687
-83.307833
-98.617867
-91.694108
-85.782956
-80.861548
-96.841970
-81.537456
-88.797285
-82.523460
-79.040492
-74.792357
-77.757399
-79.328508
-64.759191
-74.677040
-60.234052
-74.200750
-60.149547
-45.865028
-57.004905
-50.183824
-46.137539
-47.519088
-55.025720
-44.123059
-32.426729
-35.494132
-39.183936
-36.258260
-4.064489
-32.033980
-10.871986
-3.034618
-23.666581
-0.491363
-34.685557
-16.734461
-13.227634
13.771286
8.054515
3.860805
7.548080
-9.032995
11.909299
20.325408
-4.101884
30.877214
12.850507
32.258640
12.711537
22.446669
28.548462
24.616968
34.656947
52.369219
50.417524
42.819219
70.074045
31.559376
72.836897
60.694920
61.509890
70.395226
70.680935
75.694030
92.128417
75.621321
67.925449
61.428545
78.294568
79.735398
66.141787
88.870154
86.192913
76.322550
78.675839
97.391816
87.850673
92.766583
99.299103
93.791592
93.300692
91.293595
106.904049
77.761048
94.355508
88.500750
82.059200
102.469850
91.837449
99.679574
93.320747
110.426152
94.241149
108.315380
91.996512
84.107500
96.960132
104.071199
115.976331
100.888976
98.801603
96.639275
80.905936
95.512787
100.084080
97.577756
85.350903
95.692106
84.376439
94.305537
72.259364
61.174226
72.851691
77.821629
57.381238
86.255109
69.990301
70.325967
57.440005
50.952739
43.119588
71.180845
48.256546
61.085031
53.970646
36.587928
40.634271
69.023115
52.601194
36.267065
44.572188
32.401147
30.829174
15.566901
14.482189
22.816787
29.618905
-14.625492
8.857042
0.100906
2.256502
0.154652
-12.654670
-15.688124
4.665343
-13.330531
-26.889003
-19.718846
-33.265755
-43.487961
-26.850734
-29.459163
-35.505702
-45.888141
-30.286187
-51.399141
-29.126896
-49.945713
-56.326864
-46.164670
-61.198830
-58.499286
-69.277059
-63.432284
-65.532369
-61.243541
-63.868129
-95.866487
-63.855564
-93.455335
-74.846052
-73.658421
-86.003236
-97.354790
-86.872396
-88.315187
-80.118263
-80.335009
-91.908909
-80.795824
-94.697450
-79.695125
-97.925851
-96.762574
-93.447291
-83.151358
-110.806713
-91.829150
-102.869518
-89.425650
-101.002721
-110.815356
-84.132305
-101.046095
-93.987144
-111.856884
-103.445455
-81.975871
-124.017680
-89.566014
-116.087176
-97.577984
-90.897635
-99.276088
-78.532359
-86.706568
-73.113275
-92.823387
-78.581886
-85.321825
-85.062216
-95.614915
-87.225974
-46.990502
-65.626910
-84.008470
-70.307793
-71.834927
-68.623453
-74.942010
-37.827493
-72.010922
-48.604494
-44.780564
-47.031327
-58.086439
-46.912594
-61.072090
-53.558630
-37.538635
-38.962892
-28.785031
-36.914743
-23.892353
-20.063628
-20.753070
-29.417096
-5.566237
-22.002594
-27.956918
-0.505388
-3.454284
7.527428
