22.364147
22.364147
22.364147
22.364147
22.364147
22.364147
22.364147
22.364147
22.364147
22.364147
22.364147
22.364147
22.364147
22.364147
22.364147
22.364147
61.173450
61.173450
61.173450
61.173450
61.173450
61.173450
61.173450
61.173450
61.173450
61.173450
61.173450
61.173450
61.173450
61.173450
61.173450
61.173450
97.981848
97.981848
97.981848
97.981848
97.981848
97.981848
97.981848
97.981848
97.981848
97.981848
97.981848
97.981848
97.981848
97.981848
97.981848
97.981848
97.981848
97.981848
97.981848
97.981848
97.981848
97.981848
97.981848
97.981848
97.981848
97.981848
97.981848
97.981848
97.981848
97.981848
97.981848
97.981848
83.784729
83.784729
83.784729
83.784729
83.784729
83.784729
83.784729
83.784729
83.784729
83.784729
83.784729
83.784729
83.784729
83.784729
83.784729
83.784729
42.621303
42.621303
42.621303
42.621303
42.621303
42.621303
42.621303
42.621303
42.621303
42.621303
42.621303
42.621303
42.621303
42.621303
42.621303
42.621303
-1.795014
-1.795014
-1.795014
-1.795014
-1.795014
-1.795014
-1.795014
-1.795014
-1.795014
-1.795014
-1.795014
-1.795014
-1.795014
-1.795014
-1.795014
-1.795014
-51.845203
-51.845203
-51.845203
-51.845203
-51.845203
-51.845203
-51.845203
-51.845203
-51.845203
-51.845203
-51.845203
-51.845203
-51.845203
-51.845203
-51.845203
-51.845203
-81.987014
-81.987014
-81.987014
-81.987014
-81.987014
-81.987014
-81.987014
-81.987014
-81.987014
-81.987014
-81.987014
-81.987014
-81.987014
-81.987014
-81.987014
-81.987014
-81.987014
-81.987014
-81.987014
-81.987014
-81.987014
-81.987014
-81.987014
-81.987014
-81.987014
-81.987014
-81.987014
-81.987014
-81.987014
-81.987014
-81.987014
-81.987014
-100.010250
-100.010250
-100.010250
-100.010250
-100.010250
-100.010250
-100.010250
-100.010250
-100.010250
-100.010250
-100.010250
-100.010250
-100.010250
-100.010250
-100.010250
-100.010250
-63.963779
-63.963779
-63.963779
-63.963779
-63.963779
-63.963779
-63.963779
-63.963779
-63.963779
-63.963779
-63.963779
-63.963779
-63.963779
-63.963779
-63.963779
-63.963779
-11.514360
-11.514360
-11.514360
-11.514360
-11.514360
-11.514360
-11.514360
-11.514360
-11.514360
-11.514360
-11.514360
-11.514360
-11.514360
-11.514360
-11.514360
-11.514360
29.941101
29.941101
29.941101
29.941101
29.941101
29.941101
29.941101
29.941101
29.941101
29.941101
29.941101
29.941101
29.941101
29.941101
29.941101
29.941101
85.412346
85.412346
85.412346
85.412346
85.412346
85.412346
85.412346
85.412346
85.412346
85.412346
85.412346
85.412346
85.412346
85.412346
85.412346
85.412346
85.412346
85.412346
85.412346
85.412346
85.412346
85.412346
85.412346
85.412346
85.412346
85.412346
85.412346
85.412346
85.412346
85.412346
85.412346
85.412346
85.922625
85.922625
85.922625
85.922625
85.922625
85.922625
85.922625
85.922625
85.922625
85.922625
85.922625
85.922625
85.922625
85.922625
85.922625
85.922625
85.922625
85.922625
85.922625
85.922625
85.922625
85.922625
85.922625
85.922625
85.922625
85.922625
85.922625
85.922625
85.922625
85.922625
85.922625
85.922625
34.278197
34.278197
34.278197
34.278197
34.278197
34.278197
34.278197
34.278197
34.278197
34.278197
34.278197
34.278197
34.278197
34.278197
34.278197
34.278197
-8.157459
-8.157459
-8.157459
-8.157459
-8.157459
-8.157459
-8.157459
-8.157459
-8.157459
-8.157459
-8.157459
-8.157459
-8.157459
-8.157459
-8.157459
-8.157459
-57.699845
-57.699845
-57.699845
-57.699845
-57.699845
-57.699845
-57.699845
-57.699845
-57.699845
-57.699845
-57.699845
-57.699845
-57.699845
-57.699845
-57.699845
-57.699845
-86.855891
-86.855891
-86.855891
-86.855891
-86.855891
-86.855891
-86.855891
-86.855891
-86.855891
-86.855891
-86.855891
-86.855891
-86.855891
-86.855891
-86.855891
-86.855891
-91.287154
-91.287154
-91.287154
-91.287154
-91.287154
-91.287154
-91.287154
-91.287154
-91.287154
-91.287154
-91.287154
-91.287154
-91.287154
-91.287154
-91.287154
-91.287154
-91.287154
-91.287154
-91.287154
-91.287154
-91.287154
-91.287154
-91.287154
-91.287154
-91.287154
-91.287154
-91.287154
-91.287154
-91.287154
-91.287154
-91.287154
-91.287154
-50.247900
-50.247900
-50.247900
-50.247900
-50.247900
-50.247900
-50.247900
-50.247900
-50.247900
-50.247900
-50.247900
-50.247900
-50.247900
-50.247900
-50.247900
-50.247900
-1.954324
-1.954324
-1.954324
-1.954324
-1.954324
-1.954324
-1.954324
-1.954324
-1.954324
-1.954324
-1.954324
-1.954324
-1.954324
-1.954324
-1.954324
-1.954324
41.664763
41.664763
41.664763
41.664763
41.664763
41.664763
41.664763
41.664763
41.664763
41.664763
41.664763
41.664763
41.664763
41.664763
41.664763
41.664763
72.709857
72.709857
72.709857
72.709857
72.709857
72.709857
72.709857
72.709857
72.709857
72.709857
72.709857
72.709857
72.709857
72.709857
72.709857
72.709857
96.551358
96.551358
96.551358
96.551358
96.551358
96.551358
96.551358
96.551358
96.551358
96.551358
96.551358
96.551358
96.551358
96.551358
96.551358
96.551358
96.551358
96.551358
96.551358
96.551358
96.551358
96.551358
96.551358
96.551358
96.551358
96.551358
96.551358
96.551358
96.551358
96.551358
96.551358
96.551358
62.825464
62.825464
62.825464
62.825464
62.825464
62.825464
62.825464
62.825464
62.825464
62.825464
62.825464
62.825464
62.825464
62.825464
62.825464
62.825464
24.633966
24.633966
24.633966
24.633966
24.633966
24.633966
24.633966
24.633966
24.633966
24.633966
24.633966
24.633966
24.633966
24.633966
24.633966
24.633966
-20.474518
-20.474518
-20.474518
-20.474518
-20.474518
-20.474518
-20.474518
-20.474518
-20.474518
-20.474518
-20.474518
-20.474518
-20.474518
-20.474518
-20.474518
-20.474518
-66.498537
-66.498537
-66.498537
-66.498537
-66.498537
-66.498537
-66.498537
-66.498537
-66.498537
-66.498537
-66.498537
-66.498537
-66.498537
-66.498537
-66.498537
-66.498537
-97.619798
-97.619798
-97.619798
-97.619798
-97.619798
-97.619798
-97.619798
-97.619798
-97.619798
-97.619798
-97.619798
-97.619798
-97.619798
-97.619798
-97.619798
-97.619798
-97.619798
-97.619798
-97.619798
-97.619798
-97.619798
-97.619798
-97.619798
-97.619798
-97.619798
-97.619798
-97.619798
-97.619798
-97.619798
-97.619798
-97.619798
-97.619798
-78.964164
-78.964164
-78.964164
-78.964164
-78.964164
-78.964164
-78.964164
-78.964164
-78.964164
-78.964164
-78.964164
-78.964164
-78.964164
-78.964164
-78.964164
-78.964164
-45.787112
-45.787112
-45.787112
-45.787112
-45.787112
-45.787112
-45.787112
-45.787112
-45.787112
-45.787112
-45.787112
-45.787112
-45.787112
-45.787112
-45.787112
-45.787112
1.838847
1.838847
1.838847
1.838847
1.838847
1.838847
1.838847
1.838847
1.838847
1.838847
1.838847
1.838847
1.838847
1.838847
1.838847
1.838847
50.085008
50.085008
50.085008
50.085008
50.085008
50.085008
50.085008
50.085008
50.085008
50.085008
50.085008
50.085008
50.085008
50.085008
50.085008
50.085008
91.559597
91.559597
91.559597
91.559597
91.559597
91.559597
91.559597
91.559597
91.559597
91.559597
91.559597
91.559597
91.559597
91.559597
91.559597
91.559597
91.559597
91.559597
91.559597
91.559597
91.559597
91.559597
91.559597
91.559597
91.559597
91.559597
91.559597
91.559597
91.559597
91.559597
91.559597
91.559597
91.002118
91.002118
91.002118
91.002118
91.002118
91.002118
91.002118
91.002118
91.002118
91.002118
91.002118
91.002118
91.002118
91.002118
91.002118
91.002118
55.866925
55.866925
55.866925
55.866925
55.866925
55.866925
55.866925
55.866925
55.866925
55.866925
55.866925
55.866925
55.866925
55.866925
55.866925
55.866925
16.300123
16.300123
16.300123
16.300123
16.300123
16.300123
16.300123
16.300123
16.300123
16.300123
16.300123
16.300123
16.300123
16.300123
16.300123
16.300123
-32.983441
-32.983441
-32.983441
-32.983441
-32.983441
-32.983441
-32.983441
-32.983441
-32.983441
-32.983441
-32.983441
-32.983441
-32.983441
-32.983441
-32.983441
-32.983441
-85.082939
-85.082939
-85.082939
-85.082939
-85.082939
-85.082939
-85.082939
-85.082939
-85.082939
-85.082939
-85.082939
-85.082939
-85.082939
-85.082939
-85.082939
-85.082939
-85.082939
-85.082939
-85.082939
-85.082939
-85.082939
-85.082939
-85.082939
-85.082939
-85.082939
-85.082939
-85.082939
-85.082939
-85.082939
-85.082939
-85.082939
-85.082939
-99.234942
-99.234942
-99.234942
-99.234942
-99.234942
-99.234942
-99.234942
-99.234942
-99.234942
-99.234942
-99.234942
-99.234942
-99.234942
-99.234942
-99.234942
-99.234942
-74.141075
-74.141075
-74.141075
-74.141075
-74.141075
-74.141075
-74.141075
-74.141075
-74.141075
-74.141075
-74.141075
-74.141075
-74.141075
-74.141075
-74.141075
-74.141075
-31.442942
-31.442942
-31.442942
-31.442942
-31.442942
-31.442942
-31.442942
-31.442942
-31.442942
-31.442942
-31.442942
-31.442942
-31.442942
-31.442942
-31.442942
-31.442942
9.636202
9.636202
9.636202
9.636202
9.636202
9.636202
9.636202
9.636202
9.636202
9.636202
9.636202
9.636202
9.636202
9.636202
9.636202
9.636202
59.132136
59.132136
59.132136
59.132136
59.132136
59.132136
59.132136
59.132136
59.132136
59.132136
59.132136
59.132136
59.132136
59.132136
59.132136
59.132136
85.648353
85.648353
85.648353
85.648353
85.648353
85.648353
85.648353
85.648353
85.648353
85.648353
85.648353
85.648353
85.648353
85.648353
85.648353
85.648353
90.372800
90.372800
90.372800
90.372800
90.372800
90.372800
90.372800
90.372800
90.372800
90.372800
90.372800
90.372800
90.372800
90.372800
90.372800
90.372800
90.372800
90.372800
90.372800
90.372800
90.372800
90.372800
90.372800
90.372800
90.372800
90.372800
90.372800
90.372800
90.372800
90.372800
90.372800
90.372800
55.273520
55.273520
55.273520
55.273520
55.273520
55.273520
55.273520
55.273520
55.273520
55.273520
55.273520
55.273520
55.273520
55.273520
55.273520
55.273520
4.417220
4.417220
4.417220
4.417220
4.417220
4.417220
4.417220
4.417220
4.417220
4.417220
4.417220
4.417220
4.417220
4.417220
4.417220
4.417220
-43.392948
-43.392948
-43.392948
-43.392948
-43.392948
-43.392948
-43.392948
-43.392948
-43.392948
-43.392948
-43.392948
-43.392948
-43.392948
-43.392948
-43.392948
-43.392948
-79.659512
-79.659512
-79.659512
-79.659512
-79.659512
-79.659512
-79.659512
-79.659512
-79.659512
-79.659512
-79.659512
-79.659512
-79.659512
-79.659512
-79.659512
-79.659512
-94.468902
-94.468902
-94.468902
-94.468902
-94.468902
-94.468902
-94.468902
-94.468902
-94.468902
-94.468902
-94.468902
-94.468902
-94.468902
-94.468902
-94.468902
-94.468902
-94.468902
-94.468902
-94.468902
-94.468902
-94.468902
-94.468902
-94.468902
-94.468902
-94.468902
-94.468902
-94.468902
-94.468902
-94.468902
-94.468902
-94.468902
-94.468902
-64.269688
-64.269688
-64.269688
-64.269688
-64.269688
-64.269688
-64.269688
-64.269688
-64.269688
-64.269688
-64.269688
-64.269688
-64.269688
-64.269688
-64.269688
-64.269688
-25.675149
-25.675149
-25.675149
-25.675149
-25.675149
-25.675149
-25.675149
-25.675149
-25.675149
-25.675149
-25.675149
-25.675149
-25.675149
-25.675149
-25.675149
-25.675149
