1.891143
25.028476
46.999920
66.873553
83.885195
97.494861
107.422346
113.658968
116.454896
116.283865
113.789293
109.717548
104.845241
99.907817
95.536365
92.208492
90.217494
89.661997
90.456064
92.357612
95.011167
97.999618
100.898907
103.329540
104.999401
105.733585
105.488552
104.349818
102.514261
100.259861
97.907011
95.776348
94.148305
93.229174
93.127548
93.843671
95.272579
97.220269
99.430558
101.619059
103.509952
104.870915
105.541948
105.454615
104.639435
103.220694
101.399439
99.426907
97.571784
96.085432
95.169447
94.949606
95.459480
96.635752
98.325881
100.307177
102.314973
104.076406
105.345619
105.935983
105.745238
104.770328
103.109870
100.953778
98.561062
96.228374
94.252998
92.894807
92.341877
92.684167
93.898751
95.848802
98.296893
100.931464
103.403650
105.370352
106.538495
106.705114
105.788203
103.844142
101.068957
97.782423
94.395993
91.367441
89.146756
88.118998
88.550445
90.544236
94.010946
98.658095
104.000736
109.393049
114.078642
117.255227
118.147650
116.082252
110.555149
101.287494
88.261908
71.736062
52.231598
30.499006
7.461474
-15.857204
-38.413933
-59.229247
-77.464079
-92.483236
-103.899816
-111.596697
-115.723544
-116.670202
-115.019649
-111.485626
-106.841450
-101.847224
-97.182573
-93.391294
-90.842821
-89.713555
-89.988928
-91.484880
-93.885457
-96.791663
-99.775728
-102.434595
-104.436810
-105.557971
-105.701349
-104.902147
-103.315706
-101.191840
-98.838959
-96.582666
-94.724014
-93.502431
-93.067628
-93.463585
-94.626173
-96.394315
-98.532926
-100.764544
-102.805525
-104.402257
-105.362902
-105.580813
-105.046847
-103.849198
-102.160926
-100.216862
-98.282870
-96.621362
-95.457407
-94.949679
-95.169879
-96.093213
-97.601141
-99.496094
-101.526369
-103.418136
-104.910606
-105.789961
-105.917776
-105.250296
-103.846002
-101.860331
-99.527986
-97.134784
-94.982372
-93.350023
-92.458230
-92.438684
-93.314537
-94.993719
-97.276560
-99.877234
-102.456872
-104.664706
-106.182487
-106.766881
-106.284577
-104.735501
-102.260769
-99.133643
-95.733690
-92.506276
-89.911330
-88.366673
-88.192083
-89.560431
-92.461705
-96.684581
-101.818457
-107.276795
-112.340358
-116.216769
-118.111009
-117.300121
-113.204805
-105.450663
-93.912751
-78.738658
-60.347346
-39.403422
-16.768888
6.563298
29.547727
51.169753
70.525641
86.892141
99.779111
108.960500
114.481176
116.639507
115.947980
113.076236
108.782571
103.840908
98.970502
94.775137
91.697388
89.991777
89.718578
90.757827
92.840969
95.595879
98.599698
101.433365
103.731797
105.224411
105.761968
105.327445
104.030498
102.086982
99.786642
97.453311
95.402677
93.902776
93.141860
93.207263
94.077498
95.628116
97.650244
99.879183
102.029313
103.830855
105.063908
105.585604
105.347104
104.398499
102.881133
101.008468
99.037979
97.237655
95.851353
95.067319
94.993847
95.645109
96.938941
98.706914
100.715455
102.695444
104.376637
105.522615
105.961903
105.611270
104.488209
102.710833
100.484990
98.079974
95.795624
93.924737
92.715377
92.337777
92.860081
94.236204
96.307687
98.819776
101.450238
103.847801
105.675887
106.656462
106.608661
105.477251
103.346986
100.440459
97.098823
93.746779
90.845059
88.835222
88.082664
88.824178
91.126183
94.858827
99.689601
105.098212
110.412165
114.860353
117.639923
117.990162
115.266224
109.005341
98.978730
85.223714
68.052439
48.035857
25.964084
2.786597
-20.462279
-42.745631
-63.106259
-80.741328
-95.062444
-105.735719
-112.698409
-116.151058
-116.526477
-114.439167
-110.620637
-105.847309
-100.868271
-96.339935
-92.773703
-90.501229
-89.659904
-90.198967
-91.904534
-94.439872
-97.395825
-100.345419
-102.896470
-104.736537
-105.665613
-105.613549
-104.641002
-102.924648
-100.729142
-98.369731
-96.170366
-94.422509
-93.349541
-93.080886
-93.638644
-94.937994
-96.800890
-98.981032
-101.196759
-103.167617
-104.650026
-105.467636
-105.532706
-104.855978
-103.543991
-101.784303
-99.820589
-97.920826
-96.342573
-95.299720
-94.934869
-95.300798
-96.353346
-97.956631
-99.899986
-101.924560
-103.756294
-105.141195
-105.878495
-105.847509
-105.024727
-103.488857
-101.412978
-99.044549
-96.675538
-94.606180
-93.106766
-92.382154
-92.543516
-93.591044
-95.410080
-97.781591
-100.406176
-102.939117
-105.032582
-106.380075
-106.757776
-106.057615
-104.307650
-101.676703
-98.461875
-95.059545
-91.922348
-89.506392
-88.214229
-88.339830
-90.021865
-93.210907
-97.654930
-102.905608
-108.345815
-113.236485
-116.778836
-118.186275
-116.759083
-111.954488
-103.445050
-91.159236
-75.299799
-56.337654
-34.981404
-12.125042
11.221444
34.012123
55.248356
74.057398
89.759050
101.914261
110.351406
115.168197
116.709616
115.524600
112.306253
107.821853
102.839802
98.060712
94.059225
91.241800
89.823941
89.828139
91.101680
93.351359
96.190534
99.192795
101.946104
104.101426
105.410788
105.751056
105.131497
103.685076
101.645321
99.312131
97.011073
95.051295
93.687135
93.087952
93.319506
94.338815
96.002696
98.088560
100.324605
102.425461
104.128767
105.228141
105.598529
105.210893
104.134579
102.527217
100.613550
98.655935
96.920269
95.641625
94.993920
95.067391
95.856721
97.261308
99.097686
101.122594
103.063853
104.655247
105.671057
105.955898
105.446077
104.179633
102.293650
100.008936
97.603735
95.379558
93.623190
92.569549
92.370044
93.070513
94.601785
96.784416
99.347490
101.959649
104.268984
105.947206
106.732885
106.468409
105.125896
102.818393
99.794283
96.414688
93.115639
90.358597
88.574395
88.106645
89.160967
91.766014
95.751243
100.744716
106.192223
111.396755
115.575184
117.927073
117.709119
114.307962
107.304042
96.519940
82.048032
64.254294
43.757392
21.384659
-1.891143
-25.028476
-46.999920
-66.873553
-83.885195
-97.494861
-107.422346
-113.658968
-116.454896
-116.283865
-113.789293
-109.717548
-104.845241
-99.907817
-95.536365
-92.208492
-90.217494
-89.661997
-90.456064
-92.357612
-95.011167
-97.999618
-100.898907
-103.329540
-104.999401
-105.733585
-105.488552
-104.349818
-102.514261
-100.259861
-97.907011
-95.776348
-94.148305
-93.229174
-93.127548
-93.843671
-95.272579
-97.220269
-99.430558
-101.619059
-103.509952
-104.870915
-105.541948
-105.454615
-104.639435
-103.220694
-101.399439
-99.426907
-97.571784
-96.085432
-95.169447
-94.949606
-95.459480
-96.635752
-98.325881
-100.307177
-102.314973
-104.076406
-105.345619
-105.935983
-105.745238
-104.770328
-103.109870
-100.953778
-98.561062
-96.228374
-94.252998
-92.894807
-92.341877
-92.684167
-93.898751
-95.848802
-98.296893
-100.931464
-103.403650
-105.370352
-106.538495
-106.705114
-105.788203
-103.844142
-101.068957
-97.782423
-94.395993
-91.367441
-89.146756
-88.118998
-88.550445
-90.544236
-94.010946
-98.658095
-104.000736
-109.393049
-114.078642
-117.255227
-118.147650
-116.082252
-110.555149
-101.287494
-88.261908
-71.736062
-52.231598
-30.499006
-7.461474
15.857204
38.413933
59.229247
77.464079
92.483236
103.899816
111.596697
115.723544
116.670202
115.019649
111.485626
106.841450
101.847224
97.182573
93.391294
90.842821
89.713555
89.988928
91.484880
93.885457
96.791663
99.775728
102.434595
104.436810
105.557971
105.701349
104.902147
103.315706
101.191840
98.838959
96.582666
94.724014
93.502431
93.067628
93.463585
94.626173
96.394315
98.532926
100.764544
102.805525
104.402257
105.362902
105.580813
105.046847
103.849198
102.160926
100.216862
98.282870
96.621362
95.457407
94.949679
95.169879
96.093213
97.601141
99.496094
101.526369
103.418136
104.910606
105.789961
105.917776
105.250296
103.846002
101.860331
99.527986
97.134784
94.982372
93.350023
92.458230
92.438684
93.314537
94.993719
97.276560
99.877234
102.456872
104.664706
106.182487
106.766881
106.284577
104.735501
102.260769
99.133643
95.733690
92.506276
89.911330
88.366673
88.192083
89.560431
92.461705
96.684581
101.818457
107.276795
112.340358
116.216769
118.111009
117.300121
113.204805
105.450663
93.912751
78.738658
60.347346
39.403422
16.768888
-6.563298
-29.547727
-51.169753
-70.525641
-86.892141
-99.779111
-108.960500
-114.481176
-116.639507
-115.947980
-113.076236
-108.782571
-103.840908
-98.970502
-94.775137
-91.697388
-89.991777
-89.718578
-90.757827
-92.840969
-95.595879
-98.599698
-101.433365
-103.731797
-105.224411
-105.761968
-105.327445
-104.030498
-102.086982
-99.786642
-97.453311
-95.402677
-93.902776
-93.141860
-93.207263
-94.077498
-95.628116
-97.650244
-99.879183
-102.029313
-103.830855
-105.063908
-105.585604
-105.347104
-104.398499
-102.881133
-101.008468
-99.037979
-97.237655
-95.851353
-95.067319
-94.993847
-95.645109
-96.938941
-98.706914
-100.715455
-102.695444
-104.376637
-105.522615
-105.961903
-105.611270
-104.488209
-102.710833
-100.484990
-98.079974
-95.795624
-93.924737
-92.715377
-92.337777
-92.860081
-94.236204
-96.307687
-98.819776
-101.450238
-103.847801
-105.675887
-106.656462
-106.608661
-105.477251
-103.346986
-100.440459
-97.098823
-93.746779
-90.845059
-88.835222
-88.082664
-88.824178
-91.126183
-94.858827
-99.689601
-105.098212
-110.412165
-114.860353
-117.639923
-117.990162
-115.266224
-109.005341
-98.978730
-85.223714
-68.052439
-48.035857
-25.964084
-2.786597
20.462279
42.745631
63.106259
80.741328
95.062444
105.735719
112.698409
116.151058
116.526477
114.439167
110.620637
105.847309
100.868271
96.339935
92.773703
90.501229
89.659904
90.198967
91.904534
94.439872
97.395825
100.345419
102.896470
104.736537
105.665613
105.613549
104.641002
102.924648
100.729142
98.369731
96.170366
94.422509
93.349541
93.080886
93.638644
94.937994
96.800890
98.981032
101.196759
103.167617
104.650026
105.467636
105.532706
104.855978
103.543991
101.784303
99.820589
97.920826
96.342573
95.299720
94.934869
95.300798
96.353346
97.956631
99.899986
101.924560
103.756294
105.141195
105.878495
105.847509
105.024727
103.488857
101.412978
99.044549
96.675538
94.606180
93.106766
92.382154
92.543516
93.591044
95.410080
97.781591
100.406176
102.939117
105.032582
106.380075
106.757776
106.057615
104.307650
101.676703
98.461875
95.059545
91.922348
89.506392
88.214229
88.339830
90.021865
93.210907
97.654930
102.905608
108.345815
113.236485
116.778836
118.186275
116.759083
111.954488
103.445050
91.159236
75.299799
56.337654
34.981404
12.125042
-11.221444
-34.012123
-55.248356
-74.057398
-89.759050
-101.914261
-110.351406
-115.168197
-116.709616
-115.524600
-112.306253
-107.821853
-102.839802
-98.060712
-94.059225
-91.241800
-89.823941
-89.828139
-91.101680
-93.351359
-96.190534
-99.192795
-101.946104
-104.101426
-105.410788
-105.751056
-105.131497
-103.685076
-101.645321
-99.312131
-97.011073
-95.051295
-93.687135
-93.087952
-93.319506
-94.338815
-96.002696
-98.088560
-100.324605
-102.425461
-104.128767
-105.228141
-105.598529
-105.210893
-104.134579
-102.527217
-100.613550
-98.655935
-96.920269
-95.641625
-94.993920
-95.067391
-95.856721
-97.261308
-99.097686
-101.122594
-103.063853
-104.655247
-105.671057
-105.955898
-105.446077
-104.179633
-102.293650
-100.008936
-97.603735
-95.379558
-93.623190
-92.569549
-92.370044
-93.070513
-94.601785
-96.784416
-99.347490
-101.959649
-104.268984
-105.947206
-106.732885
-106.468409
-105.125896
-102.818393
-99.794283
-96.414688
-93.115639
-90.358597
-88.574395
-88.106645
-89.160967
-91.766014
-95.751243
-100.744716
-106.192223
-111.396755
-115.575184
-117.927073
-117.709119
-114.307962
-107.304042
-96.519940
-82.048032
-64.254294
-43.757392
-21.384659
