99.310458
99.310458
99.310458
99.310458
99.310458
99.310458
99.310458
99.310458
99.310458
99.310458
99.310458
99.310458
99.310458
99.310458
99.310458
99.310458
99.310458
99.310458
99.310458
99.310458
99.310458
99.310458
99.310458
99.310458
99.310458
99.310458
99.310458
99.310458
99.310458
99.310458
99.310458
99.310458
99.310458
99.310458
99.310458
99.310458
99.310458
99.310458
99.310458
99.310458
99.310458
99.310458
99.310458
99.310458
99.310458
99.310458
99.310458
99.310458
99.310458
99.310458
99.310458
99.310458
99.310458
99.310458
99.310458
99.310458
99.310458
99.310458
99.310458
99.310458
99.310458
99.310458
99.310458
99.310458
99.612853
99.612853
99.612853
99.612853
99.612853
99.612853
99.612853
99.612853
99.612853
99.612853
99.612853
99.612853
99.612853
99.612853
99.612853
99.612853
99.612853
99.612853
99.612853
99.612853
99.612853
99.612853
99.612853
99.612853
99.612853
99.612853
99.612853
99.612853
99.612853
99.612853
99.612853
99.612853
99.962238
99.962238
99.962238
99.962238
99.315362
99.315362
98.432807
-111.277900
-100.322195
-100.322195
-100.322195
-100.322195
-100.322195
-100.322195
-100.322195
-100.322195
-99.160610
-99.160610
-99.160610
-99.160610
-99.160610
-99.160610
-99.160610
-99.160610
-99.160610
-99.160610
-99.160610
-99.160610
-99.160610
-99.160610
-99.160610
-99.160610
-101.264021
-101.264021
-101.264021
-101.264021
-101.264021
-101.264021
-101.264021
-101.264021
-101.264021
-101.264021
-101.264021
-101.264021
-101.264021
-101.264021
-101.264021
-101.264021
-101.264021
-101.264021
-101.264021
-101.264021
-101.264021
-101.264021
-101.264021
-101.264021
-101.264021
-101.264021
-101.264021
-101.264021
-101.264021
-101.264021
-101.264021
-101.264021
-101.264021
-101.264021
-101.264021
-101.264021
-101.264021
-101.264021
-101.264021
-101.264021
-101.264021
-101.264021
-101.264021
-101.264021
-101.264021
-101.264021
-101.264021
-101.264021
-101.264021
-101.264021
-101.264021
-101.264021
-101.264021
-101.264021
-101.264021
-101.264021
-101.264021
-101.264021
-101.264021
-101.264021
-101.264021
-101.264021
-101.264021
-101.264021
-96.706513
-96.706513
-96.706513
-96.706513
-96.706513
-96.706513
-96.706513
-96.706513
-104.799431
-104.799431
-104.799431
-104.799431
-103.383475
124.116474
108.917875
108.917875
100.664606
100.664606
100.664606
100.664606
100.664606
100.664606
100.664606
100.664606
100.664606
100.664606
100.664606
100.664606
100.664606
100.664606
100.664606
100.664606
100.919434
100.919434
100.919434
100.919434
100.919434
100.919434
100.919434
100.919434
100.919434
100.919434
100.919434
100.919434
100.919434
100.919434
100.919434
100.919434
100.919434
100.919434
100.919434
100.919434
100.919434
100.919434
100.919434
100.919434
100.919434
100.919434
100.919434
100.919434
100.919434
100.919434
100.919434
100.919434
99.508452
99.508452
99.508452
99.508452
99.508452
99.508452
99.508452
99.508452
99.508452
99.508452
99.508452
99.508452
99.508452
99.508452
99.508452
99.508452
99.508452
99.508452
99.508452
99.508452
99.508452
99.508452
99.508452
99.508452
99.508452
99.508452
99.508452
99.508452
99.508452
99.508452
99.508452
99.508452
98.675449
98.675449
98.675449
98.675449
98.675449
98.675449
98.675449
98.675449
98.675449
98.675449
98.675449
98.675449
98.675449
98.675449
98.675449
98.675449
101.675994
101.675994
101.675994
101.675994
-98.030761
-98.030761
-98.030761
-98.030761
-101.193322
-101.193322
-101.193322
-101.193322
-101.193322
-101.193322
-101.193322
-101.193322
-99.535729
-99.535729
-99.535729
-99.535729
-99.535729
-99.535729
-99.535729
-99.535729
-99.535729
-99.535729
-99.535729
-99.535729
-99.535729
-99.535729
-99.535729
-99.535729
-99.535729
-99.535729
-99.535729
-99.535729
-99.535729
-99.535729
-99.535729
-99.535729
-99.535729
-99.535729
-99.535729
-99.535729
-99.535729
-99.535729
-99.535729
-99.535729
-99.535729
-99.535729
-99.535729
-99.535729
-99.535729
-99.535729
-99.535729
-99.535729
-99.535729
-99.535729
-99.535729
-99.535729
-99.535729
-99.535729
-99.535729
-99.535729
-99.535729
-99.535729
-99.535729
-99.535729
-99.535729
-99.535729
-99.535729
-99.535729
-99.535729
-99.535729
-99.535729
-99.535729
-99.535729
-99.535729
-99.535729
-99.535729
-97.661639
-97.661639
-97.661639
-97.661639
-97.661639
-97.661639
-97.661639
-97.661639
-97.661639
-97.661639
-97.661639
-97.661639
-97.661639
-97.661639
-97.661639
-97.661639
-99.417256
-99.417256
-99.417256
-99.417256
-99.417256
-99.417256
-99.417256
-99.417256
-98.291894
-98.291894
109.221845
109.221845
94.765049
94.765049
94.765049
94.765049
99.002341
99.002341
99.002341
99.002341
99.002341
99.002341
99.002341
99.002341
99.002341
99.002341
99.002341
99.002341
99.002341
99.002341
99.002341
99.002341
99.002341
99.002341
99.002341
99.002341
99.002341
99.002341
99.002341
99.002341
99.002341
99.002341
99.002341
99.002341
99.002341
99.002341
99.002341
99.002341
98.999202
98.999202
98.999202
98.999202
98.999202
98.999202
98.999202
98.999202
98.999202
98.999202
98.999202
98.999202
98.999202
98.999202
98.999202
98.999202
98.999202
98.999202
98.999202
98.999202
98.999202
98.999202
98.999202
98.999202
98.999202
98.999202
98.999202
98.999202
98.999202
98.999202
98.999202
98.999202
98.999202
98.999202
98.999202
98.999202
98.999202
98.999202
98.999202
98.999202
98.999202
98.999202
98.999202
98.999202
98.999202
98.999202
98.999202
98.999202
98.999202
98.999202
98.999202
98.999202
98.999202
98.999202
98.999202
98.999202
98.999202
98.999202
98.999202
98.999202
98.999202
98.999202
98.999202
98.999202
-98.664571
-98.664571
-98.664571
-98.664571
-98.664571
-98.664571
-98.664571
-98.664571
-98.664571
-98.664571
-98.664571
-98.664571
-98.664571
-98.664571
-98.664571
-98.664571
-98.664571
-98.664571
-98.664571
-98.664571
-98.664571
-98.664571
-98.664571
-98.664571
-98.664571
-98.664571
-98.664571
-98.664571
-98.664571
-98.664571
-98.664571
-98.664571
-98.664571
-98.664571
-98.664571
-98.664571
-98.664571
-98.664571
-98.664571
-98.664571
-98.664571
-98.664571
-98.664571
-98.664571
-98.664571
-98.664571
-98.664571
-98.664571
-98.664571
-98.664571
-98.664571
-98.664571
-98.664571
-98.664571
-98.664571
-98.664571
-98.664571
-98.664571
-98.664571
-98.664571
-98.664571
-98.664571
-98.664571
-98.664571
-98.298616
-98.298616
-98.298616
-98.298616
-98.298616
-98.298616
-98.298616
-98.298616
-98.298616
-98.298616
-98.298616
-98.298616
-98.298616
-98.298616
-98.298616
-98.298616
-98.298616
-98.298616
-98.298616
-98.298616
-98.298616
-98.298616
-98.298616
-98.298616
-98.298616
-98.298616
-98.298616
-98.298616
-98.298616
-98.298616
-98.298616
-98.298616
-110.068531
-110.068531
-110.068531
-110.068531
-108.186993
-108.186993
-91.679403
94.194481
99.447250
99.447250
99.447250
99.447250
99.447250
99.447250
99.447250
99.447250
96.346306
96.346306
96.346306
96.346306
96.346306
96.346306
96.346306
96.346306
96.346306
96.346306
96.346306
96.346306
96.346306
96.346306
96.346306
96.346306
98.776293
98.776293
98.776293
98.776293
98.776293
98.776293
98.776293
98.776293
98.776293
98.776293
98.776293
98.776293
98.776293
98.776293
98.776293
98.776293
98.776293
98.776293
98.776293
98.776293
98.776293
98.776293
98.776293
98.776293
98.776293
98.776293
98.776293
98.776293
98.776293
98.776293
98.776293
98.776293
98.776293
98.776293
98.776293
98.776293
98.776293
98.776293
98.776293
98.776293
98.776293
98.776293
98.776293
98.776293
98.776293
98.776293
98.776293
98.776293
98.776293
98.776293
98.776293
98.776293
98.776293
98.776293
98.776293
98.776293
98.776293
98.776293
98.776293
98.776293
98.776293
98.776293
98.776293
98.776293
102.922437
102.922437
102.922437
102.922437
102.922437
102.922437
102.922437
102.922437
95.459331
95.459331
95.459331
95.459331
88.154239
-98.000703
-89.897147
-89.897147
-99.966578
-99.966578
-99.966578
-99.966578
-99.966578
-99.966578
-99.966578
-99.966578
-99.966578
-99.966578
-99.966578
-99.966578
-99.966578
-99.966578
-99.966578
-99.966578
-99.313652
-99.313652
-99.313652
-99.313652
-99.313652
-99.313652
-99.313652
-99.313652
-99.313652
-99.313652
-99.313652
-99.313652
-99.313652
-99.313652
-99.313652
-99.313652
-99.313652
-99.313652
-99.313652
-99.313652
-99.313652
-99.313652
-99.313652
-99.313652
-99.313652
-99.313652
-99.313652
-99.313652
-99.313652
-99.313652
-99.313652
-99.313652
-98.075203
-98.075203
-98.075203
-98.075203
-98.075203
-98.075203
-98.075203
-98.075203
-98.075203
-98.075203
-98.075203
-98.075203
-98.075203
-98.075203
-98.075203
-98.075203
-98.075203
-98.075203
-98.075203
-98.075203
-98.075203
-98.075203
-98.075203
-98.075203
-98.075203
-98.075203
-98.075203
-98.075203
-98.075203
-98.075203
-98.075203
-98.075203
-102.277840
-102.277840
-102.277840
-102.277840
-102.277840
-102.277840
-102.277840
-102.277840
-102.277840
-102.277840
-102.277840
-102.277840
-102.277840
-102.277840
-102.277840
-102.277840
-97.640154
-97.640154
-97.640154
-97.640154
97.656765
97.656765
97.656765
97.656765
98.080473
98.080473
98.080473
98.080473
98.080473
98.080473
98.080473
98.080473
99.650930
99.650930
99.650930
99.650930
99.650930
99.650930
99.650930
99.650930
99.650930
99.650930
99.650930
99.650930
99.650930
99.650930
99.650930
99.650930
99.650930
99.650930
99.650930
99.650930
99.650930
99.650930
99.650930
99.650930
99.650930
99.650930
99.650930
99.650930
99.650930
99.650930
99.650930
99.650930
99.650930
99.650930
99.650930
99.650930
99.650930
99.650930
99.650930
99.650930
99.650930
99.650930
99.650930
99.650930
99.650930
99.650930
99.650930
99.650930
99.650930
99.650930
99.650930
99.650930
99.650930
99.650930
99.650930
99.650930
99.650930
99.650930
99.650930
99.650930
99.650930
99.650930
99.650930
99.650930
97.788108
97.788108
97.788108
97.788108
97.788108
97.788108
97.788108
97.788108
97.788108
97.788108
97.788108
97.788108
97.788108
97.788108
97.788108
97.788108
97.610495
97.610495
97.610495
97.610495
97.610495
97.610495
97.610495
97.610495
104.464081
104.464081
-95.334844
-95.334844
-93.353705
-93.353705
-93.353705
-93.353705
-97.545046
-97.545046
-97.545046
-97.545046
-97.545046
-97.545046
-97.545046
-97.545046
-97.545046
-97.545046
-97.545046
-97.545046
-97.545046
-97.545046
-97.545046
-97.545046
-97.545046
-97.545046
-97.545046
-97.545046
-97.545046
-97.545046
-97.545046
-97.545046
-97.545046
-97.545046
-97.545046
-97.545046
-97.545046
-97.545046
-97.545046
-97.545046
-101.152491
-101.152491
-101.152491
-101.152491
-101.152491
-101.152491
-101.152491
-101.152491
-101.152491
-101.152491
-101.152491
-101.152491
-101.152491
-101.152491
-101.152491
-101.152491
-101.152491
-101.152491
-101.152491
-101.152491
-101.152491
-101.152491
-101.152491
-101.152491
-101.152491
-101.152491
-101.152491
-101.152491
-101.152491
-101.152491
-101.152491
-101.152491
-101.152491
-101.152491
-101.152491
-101.152491
-101.152491
-101.152491
-101.152491
-101.152491
-101.152491
-101.152491
-101.152491
-101.152491
-101.152491
-101.152491
-101.152491
-101.152491
-101.152491
-101.152491
-101.152491
-101.152491
-101.152491
-101.152491
-101.152491
-101.152491
-101.152491
-101.152491
-101.152491
-101.152491
-101.152491
-101.152491
-101.152491
-101.152491
