0.237264
3.289837
6.339314
9.382825
12.417505
15.440498
18.448958
21.440056
24.410974
27.358918
30.281113
33.174808
36.037281
38.865836
41.657812
44.410581
47.121552
49.788175
52.407938
54.978377
57.497072
59.961653
62.369800
64.719247
67.007783
69.233253
71.393563
73.486680
75.510633
77.463519
79.343499
81.148804
82.877734
84.528663
86.100036
87.590375
88.998277
90.322416
91.561548
92.714505
93.780202
94.757637
95.645889
96.444122
97.151586
97.767614
98.291627
98.723131
99.061720
99.307076
99.458967
99.517251
99.481873
99.352866
99.130352
98.814539
98.405726
97.904297
97.310724
96.625565
95.849466
94.983156
94.027452
92.983252
91.851540
90.633380
89.329920
87.942385
86.472082
84.920394
83.288783
81.578782
79.792003
77.930126
75.994904
73.988159
71.911778
69.767717
67.557992
65.284684
62.949933
60.555935
58.104945
55.599268
53.041263
50.433337
47.777945
45.077586
42.334802
39.552174
36.732320
33.877896
30.991587
28.076109
25.134208
22.168650
19.182229
16.177754
13.158053
10.125968
7.084353
4.036070
0.983989
-2.069019
-5.120079
-8.166320
-11.204875
-14.232885
-17.247499
-20.245881
-23.225208
-26.182676
-29.115502
-32.020925
-34.896212
-37.738655
-40.545580
-43.314345
-46.042344
-48.727009
-51.365815
-53.956276
-56.495956
-58.982464
-61.413460
-63.786655
-66.099817
-68.350768
-70.537389
-72.657623
-74.709475
-76.691012
-78.600371
-80.435753
-82.195433
-83.877753
-85.481130
-87.004055
-88.445095
-89.802893
-91.076173
-92.263734
-93.364460
-94.377315
-95.301345
-96.135681
-96.879538
-97.532214
-98.093097
-98.561658
-98.937456
-99.220138
-99.409437
-99.505176
-99.507264
-99.415699
-99.230567
-98.952043
-98.580389
-98.115954
-97.559177
-96.910580
-96.170774
-95.340455
-94.420405
-93.411491
-92.314660
-91.130946
-89.861463
-88.507406
-87.070048
-85.550744
-83.950921
-82.272088
-80.515822
-78.683778
-76.777679
-74.799320
-72.750563
-70.633335
-68.449630
-66.201502
-63.891068
-61.520501
-59.092034
-56.607951
-54.070591
-51.482341
-48.845639
-46.162964
-43.436842
-40.669840
-37.864560
-35.023643
-32.149763
-29.245625
-26.313962
-23.357534
-20.379122
-17.381530
-14.367579
-11.340106
-8.301959
-5.256000
-2.205093
0.847888
3.900072
6.948585
9.990559
13.023129
16.043443
19.048657
22.035944
25.002490
27.945506
30.862220
33.749887
36.605791
39.427242
42.211586
44.956201
47.658506
50.315956
52.926050
55.486332
57.994393
60.447871
62.844457
65.181897
67.457990
69.670593
71.817625
73.897065
75.906956
77.845405
79.710590
81.500753
83.214211
84.849350
86.404632
87.878594
89.269847
90.577082
91.799069
92.934658
93.982781
94.942450
95.812762
96.592899
97.282126
97.879795
98.385342
98.798293
99.118258
99.344937
99.478115
99.517669
99.463559
99.315838
99.074645
98.740206
98.312836
97.792937
97.181000
96.477598
95.683396
94.799139
93.825661
92.763878
91.614789
90.379474
89.059098
87.654903
86.168209
84.600418
82.953003
81.227516
79.425580
77.548892
75.599218
73.578392
71.488317
69.330959
67.108350
64.822580
62.475802
60.070224
57.608110
55.091777
52.523593
49.905976
47.241390
44.532341
41.781381
38.991097
36.164116
33.303098
30.410737
27.489755
24.542900
21.572946
18.582688
15.574941
12.552535
9.518316
6.475138
3.425866
0.373369
-2.679478
-5.729804
-8.774738
-11.811412
-14.836971
-17.848565
-20.843361
-23.818540
-26.771301
-29.698867
-32.598480
-35.467414
-38.302966
-41.102470
-43.863289
-46.582825
-49.258519
-51.887853
-54.468352
-56.997587
-59.473178
-61.892795
-64.254161
-66.555053
-68.793305
-70.966812
-73.073527
-75.111468
-77.078717
-78.973422
-80.793800
-82.538137
-84.204793
-85.792198
-87.298858
-88.723356
-90.064350
-91.320579
-92.490861
-93.574093
-94.569256
-95.475414
-96.291714
-97.017388
-97.651752
-98.194210
-98.644251
-99.001452
-99.265475
-99.436074
-99.513087
-99.496441
-99.386153
-99.182326
-98.885153
-98.494912
-98.011971
-97.436784
-96.769894
-96.011927
-95.163597
-94.225703
-93.199126
-92.084834
-90.883874
-89.597378
-88.226556
-86.772699
-85.237174
-83.621426
-81.926977
-80.155421
-78.308426
-76.387730
-74.395140
-72.332532
-70.201847
-68.005091
-65.744331
-63.421694
-61.039367
-58.599592
-56.104666
-53.556935
-50.958798
-48.312701
-45.621134
-42.886630
-40.111762
-37.299142
-34.451418
-31.571269
-28.661407
-25.724569
-22.763521
-19.781048
-16.779958
-13.763075
-10.733239
-7.693301
-4.646122
-1.594571
1.458481
4.510160
7.557595
10.597917
13.628264
16.645785
19.647639
22.631002
25.593065
28.531041
31.442164
34.323696
37.172923
39.987164
42.763770
45.500129
48.193665
50.841842
53.442169
55.992198
58.489529
60.931812
63.316748
65.642093
67.905657
70.105311
72.238984
74.304669
76.300420
78.224361
80.074679
81.849634
83.547554
85.166843
86.705976
88.163504
89.538056
90.828337
92.033134
93.151313
94.181821
95.123688
95.976028
96.738039
97.409004
97.988291
98.475354
98.869736
99.171065
99.379058
99.493519
99.514339
99.441501
99.275072
99.015208
98.662155
98.216244
97.677896
97.047616
96.325999
95.513723
94.611553
93.620338
92.541011
91.374588
90.122165
88.784923
87.364120
85.861093
84.277256
82.614101
80.873191
79.056167
77.164738
75.200685
73.165855
71.062164
68.891591
66.656181
64.358035
61.999319
59.582250
57.109105
54.582211
52.003946
49.376737
46.703056
43.985420
41.226386
38.428552
35.594549
32.727047
29.828743
26.902365
23.950668
20.976429
17.982447
14.971542
11.946545
8.910305
5.865679
2.815533
-0.237264
-3.289837
-6.339314
-9.382825
-12.417505
-15.440498
-18.448958
-21.440056
-24.410974
-27.358918
-30.281113
-33.174808
-36.037281
-38.865836
-41.657812
-44.410581
-47.121552
-49.788175
-52.407938
-54.978377
-57.497072
-59.961653
-62.369800
-64.719247
-67.007783
-69.233253
-71.393563
-73.486680
-75.510633
-77.463519
-79.343499
-81.148804
-82.877734
-84.528663
-86.100036
-87.590375
-88.998277
-90.322416
-91.561548
-92.714505
-93.780202
-94.757637
-95.645889
-96.444122
-97.151586
-97.767614
-98.291627
-98.723131
-99.061720
-99.307076
-99.458967
-99.517251
-99.481873
-99.352866
-99.130352
-98.814539
-98.405726
-97.904297
-97.310724
-96.625565
-95.849466
-94.983156
-94.027452
-92.983252
-91.851540
-90.633380
-89.329920
-87.942385
-86.472082
-84.920394
-83.288783
-81.578782
-79.792003
-77.930126
-75.994904
-73.988159
-71.911778
-69.767717
-67.557992
-65.284684
-62.949933
-60.555935
-58.104945
-55.599268
-53.041263
-50.433337
-47.777945
-45.077586
-42.334802
-39.552174
-36.732320
-33.877896
-30.991587
-28.076109
-25.134208
-22.168650
-19.182229
-16.177754
-13.158053
-10.125968
-7.084353
-4.036070
-0.983989
2.069019
5.120079
8.166320
11.204875
14.232885
17.247499
20.245881
23.225208
26.182676
29.115502
32.020925
34.896212
37.738655
40.545580
43.314345
46.042344
48.727009
51.365815
53.956276
56.495956
58.982464
61.413460
63.786655
66.099817
68.350768
70.537389
72.657623
74.709475
76.691012
78.600371
80.435753
82.195433
83.877753
85.481130
87.004055
88.445095
89.802893
91.076173
92.263734
93.364460
94.377315
95.301345
96.135681
96.879538
97.532214
98.093097
98.561658
98.937456
99.220138
99.409437
99.505176
99.507264
99.415699
99.230567
98.952043
98.580389
98.115954
97.559177
96.910580
96.170774
95.340455
94.420405
93.411491
92.314660
91.130946
89.861463
88.507406
87.070048
85.550744
83.950921
82.272088
80.515822
78.683778
76.777679
74.799320
72.750563
70.633335
68.449630
66.201502
63.891068
61.520501
59.092034
56.607951
54.070591
51.482341
48.845639
46.162964
43.436842
40.669840
37.864560
35.023643
32.149763
29.245625
26.313962
23.357534
20.379122
17.381530
14.367579
11.340106
8.301959
5.256000
2.205093
-0.847888
-3.900072
-6.948585
-9.990559
-13.023129
-16.043443
-19.048657
-22.035944
-25.002490
-27.945506
-30.862220
-33.749887
-36.605791
-39.427242
-42.211586
-44.956201
-47.658506
-50.315956
-52.926050
-55.486332
-57.994393
-60.447871
-62.844457
-65.181897
-67.457990
-69.670593
-71.817625
-73.897065
-75.906956
-77.845405
-79.710590
-81.500753
-83.214211
-84.849350
-86.404632
-87.878594
-89.269847
-90.577082
-91.799069
-92.934658
-93.982781
-94.942450
-95.812762
-96.592899
-97.282126
-97.879795
-98.385342
-98.798293
-99.118258
-99.344937
-99.478115
-99.517669
-99.463559
-99.315838
-99.074645
-98.740206
-98.312836
-97.792937
-97.181000
-96.477598
-95.683396
-94.799139
-93.825661
-92.763878
-91.614789
-90.379474
-89.059098
-87.654903
-86.168209
-84.600418
-82.953003
-81.227516
-79.425580
-77.548892
-75.599218
-73.578392
-71.488317
-69.330959
-67.108350
-64.822580
-62.475802
-60.070224
-57.608110
-55.091777
-52.523593
-49.905976
-47.241390
-44.532341
-41.781381
-38.991097
-36.164116
-33.303098
-30.410737
-27.489755
-24.542900
-21.572946
-18.582688
-15.574941
-12.552535
-9.518316
-6.475138
-3.425866
-0.373369
2.679478
5.729804
8.774738
11.811412
14.836971
17.848565
20.843361
23.818540
26.771301
29.698867
32.598480
35.467414
38.302966
41.102470
43.863289
46.582825
49.258519
51.887853
54.468352
56.997587
59.473178
61.892795
64.254161
66.555053
68.793305
70.966812
73.073527
75.111468
77.078717
78.973422
80.793800
82.538137
84.204793
85.792198
87.298858
88.723356
90.064350
91.320579
92.490861
93.574093
94.569256
95.475414
96.291714
97.017388
97.651752
98.194210
98.644251
99.001452
99.265475
99.436074
99.513087
99.496441
99.386153
99.182326
98.885153
98.494912
98.011971
97.436784
96.769894
96.011927
95.163597
94.225703
93.199126
92.084834
90.883874
89.597378
88.226556
86.772699
85.237174
83.621426
81.926977
80.155421
78.308426
76.387730
74.395140
72.332532
70.201847
68.005091
65.744331
63.421694
61.039367
58.599592
56.104666
53.556935
50.958798
48.312701
45.621134
42.886630
40.111762
37.299142
34.451418
31.571269
28.661407
25.724569
22.763521
19.781048
16.779958
13.763075
10.733239
7.693301
4.646122
1.594571
-1.458481
-4.510160
-7.557595
-10.597917
-13.628264
-16.645785
-19.647639
-22.631002
-25.593065
-28.531041
-31.442164
-34.323696
-37.172923
-39.987164
-42.763770
-45.500129
-48.193665
-50.841842
-53.442169
-55.992198
-58.489529
-60.931812
-63.316748
-65.642093
-67.905657
-70.105311
-72.238984
-74.304669
-76.300420
-78.224361
-80.074679
-81.849634
-83.547554
-85.166843
-86.705976
-88.163504
-89.538056
-90.828337
-92.033134
-93.151313
-94.181821
-95.123688
-95.976028
-96.738039
-97.409004
-97.988291
-98.475354
-98.869736
-99.171065
-99.379058
-99.493519
-99.514339
-99.441501
-99.275072
-99.015208
-98.662155
-98.216244
-97.677896
-97.047616
-96.325999
-95.513723
-94.611553
-93.620338
-92.541011
-91.374588
-90.122165
-88.784923
-87.364120
-85.861093
-84.277256
-82.614101
-80.873191
-79.056167
-77.164738
-75.200685
-73.165855
-71.062164
-68.891591
-66.656181
-64.358035
-61.999319
-59.582250
-57.109105
-54.582211
-52.003946
-49.376737
-46.703056
-43.985420
-41.226386
-38.428552
-35.594549
-32.727047
-29.828743
-26.902365
-23.950668
-20.976429
-17.982447
-14.971542
-11.946545
-8.910305
-5.865679
-2.815533
