53.422605
675.829383
191.573430
202.060856
210.414335
50953.191143
102.569392
231.299545
110.200663
355.260097
371.392054
128.710875
472.206688
115.987238
118.254518
423.812318
284.510659
197.222707
384.086015
559.358709
221.947955
156.931132
163.118849
238.563998
184.837333
326.424349
461.322361
376.352942
98.651639
409.872727
356.205468
379.610409
513.661982
492.548984
215.117730
420.259286
111.479506
199.057617
386.987794
639.319073
624.026113
541.503528
386.677236
317.063463
186.943175
502.973036
339.571426
239.101946
362.763247
240.998862
132.694972
97.971870
142.334281
333.516333
202.112625
112.369501
138.717396
231.704069
222.669850
215.357100
156.588678
236.994862
263.392355
218.365788
328.548162
172.934532
352.563370
428.489323
388.878802
321.358808
220.405726
243.793722
211.668717
483.499512
351.246171
142.379824
308.488240
200.024487
401.229612
160.804418
318.723037
598.410377
117.932398
203.459023
345.050225
116.530048
210.493631
416.612756
98.945032
137.145589
340.216289
217.575801
296.030935
434.237736
220.697426
461.841227
479.558247
696.792331
371.903700
229.170072
121.275811
461.831869
353.337394
247.173135
613.739705
69.709978
442.277164
368.898660
311.357432
232.723515
404.604874
502.301243
368.633752
43.228180
338.115209
567.067274
222.413221
210.283467
322.289839
385.837979
85.844260
311.949338
604.641941
645.519364
346.637670
97.847073
225.002910
178.730302
212.508892
150.398455
247.717409
155.666945
157.971601
303.200976
657.507882
373.009908
351.012740
195.557551
336.257941
297.939552
240.198737
205.112375
53.027034
290.752338
405.349954
407.232042
420.300239
169.497015
274.517859
402.283837
271.690034
137.479004
81.887657
105.395000
162.422820
468.970173
52.801640
475.226421
400.908752
139.257170
217.466528
229.006336
120.706025
417.808307
353.153549
72.684241
212.433614
501.673054
297.843164
196.645817
423.723405
224.297820
94.009750
373.073344
334.250778
58.084305
263.378097
169.652192
193.485644
18.983886
603.048827
141.515888
108.035046
390.039710
29.633436
314.235925
286.542293
500.758790
273.263523
35.116608
501.799663
309.216463
421.129941
37.335737
447.887016
61.735877
286.104854
352.452928
391.583026
70.993246
96.601121
251.142519
376.013844
798.438108
143.774723
218.594247
547.530410
386.154103
298.477939
181.211876
258.789650
352.695784
429.556267
288.940364
190.085377
311.197633
380.973755
312.439549
391.967868
229.228395
184.257493
275.391324
190.192123
195.889179
245.016222
392.600291
81.261992
178.166777
218.324165
207.861187
338.836807
387.883353
284.810164
480.732584
211.991545
35.535649
185.690249
246.264354
505.047522
160.066018
99.880096
366.361679
111.312213
288.531416
116.012135
272.704020
319.392854
172.473756
344.680914
382.546006
303.768579
141.839843
413.720951
385.100397
251.078058
386.520523
227.655163
408.805004
559.311919
61.036163
370.282481
318.262471
151.230948
473.183924
228.841607
287.989420
86.799141
432.449901
444.264012
438.639853
335.493543
154.262388
351.827251
569.939000
457.922842
293.661684
472.046197
672.261897
128.868413
174.534105
384.313065
124.631983
365.568130
457.611085
321.902587
326.803223
250.669205
144.741954
268.571932
204.448993
186.353061
443.959359
425.695757
357.828301
236.185450
276.699077
82.215417
673.604029
202.480819
70.809116
132.827679
426.148212
67.851494
427.591762
336.098257
462.951261
398.104017
408.849530
356.010156
69.461310
244.660804
152.188852
42.354418
388.066943
395.029042
170.621564
392.509985
354.229722
146.286127
255.018318
147.944414
135.546200
90.405954
444.169530
154.113032
178.323398
333.870864
298.597771
252.691566
80.977211
272.507455
352.529864
260.747079
80.010391
241.866550
29.027870
422.225699
376.033612
619.950336
297.698157
295.552617
402.521420
197.775340
496.176429
517.244423
223.487093
426.181820
128.326077
247.377737
282.442706
87.941959
596.452301
283.472882
356.119640
205.072636
553.385326
90.862242
373.671320
174.377577
194.849964
201.745162
70.047851
402.909116
477.230400
362.627224
275.071203
279.011897
415.570482
253.152553
297.287966
274.883758
157.842541
38.235739
343.444289
417.337744
83.054118
307.206134
235.784382
513.857489
170.838466
209.861658
381.257333
285.352808
345.937811
322.231975
448.040943
209.539734
208.911845
259.365544
102.810547
241.082725
612.676951
362.827790
129.248181
83.916494
212.155865
148.436546
145.451141
240.006134
529.973602
325.911908
365.150766
468.887826
366.518005
76.963639
318.833676
458.402465
188.636277
625.207229
394.958199
214.699541
112.459645
60.617083
382.420661
496.082297
541.795169
203.042332
217.871017
92.396156
260.791387
255.586093
77.409838
121.405837
249.833596
40.837038
750.113605
61.222880
308.403391
448.792426
108.393304
311.062153
109.389278
198.953790
745.289482
499.276343
641.060953
388.731403
422.834201
577.527529
797.023457
290.982542
141.971096
304.047854
55.338118
335.893266
675.865065
188.819018
325.808656
166.987651
48.675144
326.795558
244.501260
287.446579
382.137354
362.190654
246.341912
592.706802
382.244884
214.425237
347.411922
169.162511
234.281904
304.062688
221.442912
437.245724
258.023090
125.291191
376.013667
64.426136
423.800235
387.594033
192.167341
293.568422
90.249967
176.931057
159.526337
665.711345
334.664878
219.104217
282.069730
271.619028
277.669957
157.568931
399.097906
441.287681
238.633996
577.260117
365.510314
300.594186
10.121944
89.408500
406.799245
375.828570
429.309477
351.623239
543.992267
63.509214
144.045537
455.812854
332.308084
180.994363
413.908139
100.124923
102.978544
511.303192
258.145505
332.379789
100.450868
136.010900
436.522268
181.128761
258.536048
250.458530
258.536048
181.128761
436.522268
136.010900
100.450868
332.379789
258.145505
511.303192
102.978544
100.124923
413.908139
180.994363
332.308084
455.812854
144.045537
63.509214
543.992267
351.623239
429.309477
375.828570
406.799245
89.408500
10.121944
300.594186
365.510314
577.260117
238.633996
441.287681
399.097906
157.568931
277.669957
271.619028
282.069730
219.104217
334.664878
665.711345
159.526337
176.931057
90.249967
293.568422
192.167341
387.594033
423.800235
64.426136
376.013667
125.291191
258.023090
437.245724
221.442912
304.062688
234.281904
169.162511
347.411922
214.425237
382.244884
592.706802
246.341912
362.190654
382.137354
287.446579
244.501260
326.795558
48.675144
166.987651
325.808656
188.819018
675.865065
335.893266
55.338118
304.047854
141.971096
290.982542
797.023457
577.527529
422.834201
388.731403
641.060953
499.276343
745.289482
198.953790
109.389278
311.062153
108.393304
448.792426
308.403391
61.222880
750.113605
40.837038
249.833596
121.405837
77.409838
255.586093
260.791387
92.396156
217.871017
203.042332
541.795169
496.082297
382.420661
60.617083
112.459645
214.699541
394.958199
625.207229
188.636277
458.402465
318.833676
76.963639
366.518005
468.887826
365.150766
325.911908
529.973602
240.006134
145.451141
148.436546
212.155865
83.916494
129.248181
362.827790
612.676951
241.082725
102.810547
259.365544
208.911845
209.539734
448.040943
322.231975
345.937811
285.352808
381.257333
209.861658
170.838466
513.857489
235.784382
307.206134
83.054118
417.337744
343.444289
38.235739
157.842541
274.883758
297.287966
253.152553
415.570482
279.011897
275.071203
362.627224
477.230400
402.909116
70.047851
201.745162
194.849964
174.377577
373.671320
90.862242
553.385326
205.072636
356.119640
283.472882
596.452301
87.941959
282.442706
247.377737
128.326077
426.181820
223.487093
517.244423
496.176429
197.775340
402.521420
295.552617
297.698157
619.950336
376.033612
422.225699
29.027870
241.866550
80.010391
260.747079
352.529864
272.507455
80.977211
252.691566
298.597771
333.870864
178.323398
154.113032
444.169530
90.405954
135.546200
147.944414
255.018318
146.286127
354.229722
392.509985
170.621564
395.029042
388.066943
42.354418
152.188852
244.660804
69.461310
356.010156
408.849530
398.104017
462.951261
336.098257
427.591762
67.851494
426.148212
132.827679
70.809116
202.480819
673.604029
82.215417
276.699077
236.185450
357.828301
425.695757
443.959359
186.353061
204.448993
268.571932
144.741954
250.669205
326.803223
321.902587
457.611085
365.568130
124.631983
384.313065
174.534105
128.868413
672.261897
472.046197
293.661684
457.922842
569.939000
351.827251
154.262388
335.493543
438.639853
444.264012
432.449901
86.799141
287.989420
228.841607
473.183924
151.230948
318.262471
370.282481
61.036163
559.311919
408.805004
227.655163
386.520523
251.078058
385.100397
413.720951
141.839843
303.768579
382.546006
344.680914
172.473756
319.392854
272.704020
116.012135
288.531416
111.312213
366.361679
99.880096
160.066018
505.047522
246.264354
185.690249
35.535649
211.991545
480.732584
284.810164
387.883353
338.836807
207.861187
218.324165
178.166777
81.261992
392.600291
245.016222
195.889179
190.192123
275.391324
184.257493
229.228395
391.967868
312.439549
380.973755
311.197633
190.085377
288.940364
429.556267
352.695784
258.789650
181.211876
298.477939
386.154103
547.530410
218.594247
143.774723
798.438108
376.013844
251.142519
96.601121
70.993246
391.583026
352.452928
286.104854
61.735877
447.887016
37.335737
421.129941
309.216463
501.799663
35.116608
273.263523
500.758790
286.542293
314.235925
29.633436
390.039710
108.035046
141.515888
603.048827
18.983886
193.485644
169.652192
263.378097
58.084305
334.250778
373.073344
94.009750
224.297820
423.723405
196.645817
297.843164
501.673054
212.433614
72.684241
353.153549
417.808307
120.706025
229.006336
217.466528
139.257170
400.908752
475.226421
52.801640
468.970173
162.422820
105.395000
81.887657
137.479004
271.690034
402.283837
274.517859
169.497015
420.300239
407.232042
405.349954
290.752338
53.027034
205.112375
240.198737
297.939552
336.257941
195.557551
351.012740
373.009908
657.507882
303.200976
157.971601
155.666945
247.717409
150.398455
212.508892
178.730302
225.002910
97.847073
346.637670
645.519364
604.641941
311.949338
85.844260
385.837979
322.289839
210.283467
222.413221
567.067274
338.115209
43.228180
368.633752
502.301243
404.604874
232.723515
311.357432
368.898660
442.277164
69.709978
613.739705
247.173135
353.337394
461.831869
121.275811
229.170072
371.903700
696.792331
479.558247
461.841227
220.697426
434.237736
296.030935
217.575801
340.216289
137.145589
98.945032
416.612756
210.493631
116.530048
345.050225
203.459023
117.932398
598.410377
318.723037
160.804418
401.229612
200.024487
308.488240
142.379824
351.246171
483.499512
211.668717
243.793722
220.405726
321.358808
388.878802
428.489323
352.563370
172.934532
328.548162
218.365788
263.392355
236.994862
156.588678
215.357100
222.669850
231.704069
138.717396
112.369501
202.112625
333.516333
142.334281
97.971870
132.694972
240.998862
362.763247
239.101946
339.571426
502.973036
186.943175
317.063463
386.677236
541.503528
624.026113
639.319073
386.987794
199.057617
111.479506
420.259286
215.117730
492.548984
513.661982
379.610409
356.205468
409.872727
98.651639
376.352942
461.322361
326.424349
184.837333
238.563998
163.118849
156.931132
221.947955
559.358709
384.086015
197.222707
284.510659
423.812318
118.254518
115.987238
472.206688
128.710875
371.392054
355.260097
110.200663
231.299545
102.569392
50953.191143
210.414335
202.060856
191.573430
675.829383
