-0.559311
-0.559311
-0.559311
-0.559311
250.042711
274.308247
282.132435
273.046311
-0.686783
-0.686783
-0.686783
-0.686783
-0.000000
-0.000000
-0.000000
-0.000000
-0.811671
-0.811671
-0.811671
-0.811671
-269.230099
-240.658045
-197.661552
-142.817720
-0.933504
-0.933504
-0.933504
-0.933504
180.990266
228.157801
261.650130
279.459805
-1.051823
-1.051823
-1.051823
-1.051823
130.706147
66.033625
-2.596788
-71.071555
-1.166183
-1.166183
-1.166183
-1.166183
-281.028420
-278.697749
-259.662634
-225.063992
-1.276154
-1.276154
-1.276154
-1.276154
84.383694
147.272398
201.333964
243.328077
-1.381322
-1.381322
-1.381322
-1.381322
216.443937
165.980336
105.568289
38.828745
-1.481291
-1.481291
-1.481291
-1.481291
-250.042711
-274.308247
-282.132435
-273.046311
-1.575685
-1.575685
-1.575685
-1.575685
-25.069531
43.966107
110.366528
170.151855
-1.664148
-1.664148
-1.664148
-1.664148
269.230099
240.658045
197.661552
142.817720
-1.746348
-1.746348
-1.746348
-1.746348
-180.990266
-228.157801
-261.650130
-279.459805
-1.821974
-1.821974
-1.821974
-1.821974
-130.706147
-66.033625
2.596788
71.071555
-1.890744
-1.890744
-1.890744
-1.890744
281.028420
278.697749
259.662634
225.063992
-1.952397
-1.952397
-1.952397
-1.952397
-84.383694
-147.272398
-201.333964
-243.328077
-2.006701
-2.006701
-2.006701
-2.006701
-216.443937
-165.980336
-105.568289
-38.828745
-2.053453
-2.053453
-2.053453
-2.053453
-8.030109
-4.056865
0.159537
4.366377
-2.092476
-2.092476
-2.092476
-2.092476
17.265361
17.122173
15.952725
13.827111
-2.123624
-2.123624
-2.123624
-2.123624
-5.184226
-9.047879
-12.369224
-14.949190
-2.146778
-2.146778
-2.146778
-2.146778
-13.297526
-10.197226
-6.485731
-2.385496
-2.161853
-2.161853
-2.161853
-2.161853
15.361712
16.852498
17.333188
16.774969
-2.168791
-2.168791
-2.168791
-2.168791
1.540181
-2.701117
-6.780517
-10.453509
-2.167566
-2.167566
-2.167566
-2.167566
-16.540515
-14.785153
-12.143605
-8.774200
-2.158183
-2.158183
-2.158183
-2.158183
11.119382
14.017183
16.074830
17.168991
-2.140677
-2.140677
-2.140677
-2.140677
8.030109
4.056865
-0.159537
-4.366377
-2.115114
-2.115114
-2.115114
-2.115114
-17.265361
-17.122173
-15.952725
-13.827111
-2.081590
-2.081590
-2.081590
-2.081590
5.184226
9.047879
12.369224
14.949190
-2.040232
-2.040232
-2.040232
-2.040232
13.297526
10.197226
6.485731
2.385496
-1.991194
-1.991194
-1.991194
-1.991194
-15.361712
-16.852498
-17.333188
-16.774969
-1.934662
-1.934662
-1.934662
-1.934662
-1.540181
2.701117
6.780517
10.453509
-1.870849
-1.870849
-1.870849
-1.870849
16.540515
14.785153
12.143605
8.774200
-1.799994
-1.799994
-1.799994
-1.799994
-11.119382
-14.017183
-16.074830
-17.168991
-1.722364
-1.722364
-1.722364
-1.722364
-5.271163
-4.847461
-4.350849
-3.788796
-1.638252
-1.638252
-1.638252
-1.638252
-0.319788
0.432492
1.178267
1.906320
-1.547973
-1.547973
-1.547973
-1.547973
4.915833
5.328020
5.660069
5.906985
-1.451869
-1.451869
-1.451869
-1.451869
5.781969
5.487687
5.110865
4.657170
-1.350300
-1.350300
-1.350300
-1.350300
1.508747
0.769571
0.018820
-0.732215
-1.243649
-1.243649
-1.243649
-1.243649
-4.105539
-4.632586
-5.089954
-5.470764
-1.132316
-1.132316
-1.132316
-1.132316
-6.070578
-5.917024
-5.674473
-5.346572
-1.016723
-1.016723
-1.016723
-1.016723
-2.639725
-1.942059
-1.215183
-0.470029
-0.897302
-0.897302
-0.897302
-0.897302
3.137472
3.759123
4.324234
4.824304
-0.774504
-0.774504
-0.774504
-0.774504
6.125898
6.118974
6.020014
5.830509
-0.648791
-0.648791
-0.648791
-0.648791
3.669261
3.039916
2.364848
1.654210
-0.520636
-0.520636
-0.520636
-0.520636
-2.048834
-2.741200
-3.392337
-3.992449
-0.390522
-0.390522
-0.390522
-0.390522
-5.945803
-6.085774
-6.134210
-6.090382
-0.258938
-0.258938
-0.258938
-0.258938
-4.557788
-4.020950
-3.423632
-2.774820
-0.126379
-0.126379
-0.126379
-0.126379
0.881460
1.617934
2.330074
3.007166
0.006655
0.006655
0.006655
0.006655
5.537214
5.818702
6.012671
6.116205
0.139665
0.139665
0.139665
0.139665
5.271163
4.847461
4.350849
3.788796
0.272148
0.272148
0.272148
0.272148
0.319788
-0.432492
-1.178267
-1.906320
0.403608
0.403608
0.403608
0.403608
-4.915833
-5.328020
-5.660069
-5.906985
0.533548
0.533548
0.533548
0.533548
-5.781969
-5.487687
-5.110865
-4.657170
0.661480
0.661480
0.661480
0.661480
-1.508747
-0.769571
-0.018820
0.732215
0.786923
0.786923
0.786923
0.786923
4.105539
4.632586
5.089954
5.470764
0.909404
0.909404
0.909404
0.909404
6.070578
5.917024
5.674473
5.346572
1.028461
1.028461
1.028461
1.028461
2.639725
1.942059
1.215183
0.470029
1.143649
1.143649
1.143649
1.143649
-3.137472
-3.759123
-4.324234
-4.824304
1.254531
1.254531
1.254531
1.254531
-6.125898
-6.118974
-6.020014
-5.830509
1.360692
1.360692
1.360692
1.360692
-3.669261
-3.039916
-2.364848
-1.654210
1.461731
1.461731
1.461731
1.461731
2.048834
2.741200
3.392337
3.992449
1.557269
1.557269
1.557269
1.557269
5.945803
6.085774
6.134210
6.090382
1.646946
1.646946
1.646946
1.646946
4.557788
4.020950
3.423632
2.774820
1.730424
1.730424
1.730424
1.730424
-0.881460
-1.617934
-2.330074
-3.007166
1.807389
1.807389
1.807389
1.807389
-5.537214
-5.818702
-6.012671
-6.116205
1.877551
1.877551
1.877551
1.877551
-2.095948
-2.057706
-2.011720
-1.958161
1.940647
1.940647
1.940647
1.940647
-1.584804
-1.490987
-1.391559
-1.286894
1.996438
1.996438
1.996438
1.996438
-0.699396
-0.572161
-0.442772
-0.311716
2.044716
2.044716
2.044716
2.044716
0.351179
0.481786
0.610579
0.737075
2.085297
2.085297
2.085297
2.085297
1.318820
1.421955
1.519738
1.611801
2.118030
2.118030
2.118030
2.118030
1.975012
2.026319
2.069999
2.105888
2.142792
2.142792
2.142792
2.142792
2.164791
2.152152
2.131414
2.102653
2.159488
2.159488
2.159488
2.159488
1.843337
1.769739
1.689480
1.602862
2.168056
2.168056
2.168056
2.168056
1.086566
0.969389
0.848563
0.724543
2.168464
2.168464
2.168464
2.168464
0.073194
-0.059890
-0.192749
-0.324883
2.160711
2.160711
2.160711
2.160711
-0.957463
-1.075025
-1.188542
-1.297585
2.144825
2.144825
2.144825
2.144825
-1.762008
-1.836285
-1.903651
-1.963852
2.120867
2.120867
2.120867
2.120867
-2.150442
-2.163893
-2.169199
-2.166342
2.088926
2.088926
2.088926
2.088926
-2.031033
-1.980481
-1.922475
-1.857233
2.049123
2.049123
2.049123
2.049123
-1.431980
-1.329364
-1.221743
-1.109525
2.001608
2.001608
2.001608
2.001608
-0.494755
-0.364307
-0.232488
-0.099794
1.946558
1.946558
1.946558
1.946558
0.559311
0.686783
0.811671
0.933504
1.884183
1.884183
1.884183
1.884183
1.481291
1.575685
1.664148
1.746348
1.814716
1.814716
1.814716
1.814716
2.053453
2.092476
2.123624
2.146778
1.738418
1.738418
1.738418
1.738418
2.140677
2.115114
2.081590
2.040232
1.655578
1.655578
1.655578
1.655578
1.722364
1.638252
1.547973
1.451869
1.566506
1.566506
1.566506
1.566506
0.897302
0.774504
0.648791
0.520636
1.471539
1.471539
1.471539
1.471539
-0.139665
-0.272148
-0.403608
-0.533548
1.371033
1.371033
1.371033
1.371033
-1.143649
-1.254531
-1.360692
-1.461731
1.265366
1.265366
1.265366
1.265366
-1.877551
-1.940647
-1.996438
-2.044716
1.154938
1.154938
1.154938
1.154938
-2.168056
-2.168464
-2.160711
-2.144825
1.040162
1.040162
1.040162
1.040162
-1.946558
-1.884183
-1.814716
-1.738418
0.921471
0.921471
0.921471
0.921471
-1.265366
-1.154938
-1.040162
-0.921471
0.799312
0.799312
0.799312
0.799312
-0.285349
-0.152945
-0.019966
0.113089
0.674144
0.674144
0.674144
0.674144
0.762056
0.885167
1.004945
1.120942
0.546440
0.546440
0.546440
0.546440
1.629496
1.714240
1.792531
1.864076
0.416678
0.416678
0.416678
0.416678
2.112118
2.138482
2.156797
2.166995
0.285349
0.285349
0.285349
0.285349
2.095948
2.057706
2.011720
1.958161
0.152945
0.152945
0.152945
0.152945
1.584804
1.490987
1.391559
1.286894
0.019966
0.019966
0.019966
0.019966
0.699396
0.572161
0.442772
0.311716
-0.113089
-0.113089
-0.113089
-0.113089
-0.351179
-0.481786
-0.610579
-0.737075
-0.245718
-0.245718
-0.245718
-0.245718
-1.318820
-1.421955
-1.519738
-1.611801
-0.377422
-0.377422
-0.377422
-0.377422
-1.975012
-2.026319
-2.069999
-2.105888
-0.507705
-0.507705
-0.507705
-0.507705
-2.164791
-2.152152
-2.131414
-2.102653
-0.636078
-0.636078
-0.636078
-0.636078
-1.843337
-1.769739
-1.689480
-1.602862
-0.762056
-0.762056
-0.762056
-0.762056
-1.086566
-0.969389
-0.848563
-0.724543
-0.885167
-0.885167
-0.885167
-0.885167
-0.073194
0.059890
0.192749
0.324883
-1.004945
-1.004945
-1.004945
-1.004945
0.957463
1.075025
1.188542
1.297585
-1.120942
-1.120942
-1.120942
-1.120942
1.762008
1.836285
1.903651
1.963852
-1.232719
-1.232719
-1.232719
-1.232719
2.150442
2.163893
2.169199
2.166342
-1.339857
-1.339857
-1.339857
-1.339857
2.031033
1.980481
1.922475
1.857233
-1.441952
-1.441952
-1.441952
-1.441952
1.431980
1.329364
1.221743
1.109525
-1.538619
-1.538619
-1.538619
-1.538619
0.494755
0.364307
0.232488
0.099794
-1.629496
-1.629496
-1.629496
-1.629496
-0.559311
-0.686783
-0.811671
-0.933504
-1.714240
-1.714240
-1.714240
-1.714240
-1.481291
-1.575685
-1.664148
-1.746348
-1.792531
-1.792531
-1.792531
-1.792531
-2.053453
-2.092476
-2.123624
-2.146778
-1.864076
-1.864076
-1.864076
-1.864076
-2.140677
-2.115114
-2.081590
-2.040232
-1.928605
-1.928605
-1.928605
-1.928605
-1.722364
-1.638252
-1.547973
-1.451869
-1.985875
-1.985875
-1.985875
-1.985875
-0.897302
-0.774504
-0.648791
-0.520636
-2.035671
-2.035671
-2.035671
-2.035671
0.139665
0.272148
0.403608
0.533548
-2.077805
-2.077805
-2.077805
-2.077805
1.143649
1.254531
1.360692
1.461731
-2.112118
-2.112118
-2.112118
-2.112118
1.877551
1.940647
1.996438
2.044716
-2.138482
-2.138482
-2.138482
-2.138482
2.168056
2.168464
2.160711
2.144825
-2.156797
-2.156797
-2.156797
-2.156797
1.946558
1.884183
1.814716
1.738418
-2.166995
-2.166995
-2.166995
-2.166995
1.265366
1.154938
1.040162
0.921471
231584178474632390847141970017375815706539969331281128078915168015826259279872.000000
231584178474632390847141970017375815706539969331281128078915168015826259279872.000000
231584178474632390847141970017375815706539969331281128078915168015826259279872.000000
231584178474632390847141970017375815706539969331281128078915168015826259279872.000000
0.285349
0.152945
0.019966
-0.113089
231584178474632390847141970017375815706539969331281128078915168015826259279872.000000
231584178474632390847141970017375815706539969331281128078915168015826259279872.000000
231584178474632390847141970017375815706539969331281128078915168015826259279872.000000
231584178474632390847141970017375815706539969331281128078915168015826259279872.000000
-0.762056
-0.885167
-1.004945
-1.120942
-3.289837
-3.289837
-3.289837
-3.289837
-1.629496
-1.714240
-1.792531
-1.864076
0.000000
0.000000
0.000000
0.000000
-2.112118
-2.138482
-2.156797
-2.166995
