30.238098
30.238098
30.238098
30.238098
30.238098
30.238098
30.238098
30.238098
97.492545
97.492545
97.492545
97.492545
97.492545
97.492545
97.492545
97.492545
158.903533
158.903533
158.903533
158.903533
158.903533
158.903533
158.903533
158.903533
210.790241
210.790241
210.790241
210.790241
210.790241
210.790241
210.790241
210.790241
250.042711
250.042711
250.042711
250.042711
250.042711
250.042711
250.042711
250.042711
274.308247
274.308247
274.308247
274.308247
274.308247
274.308247
274.308247
274.308247
282.132435
282.132435
282.132435
282.132435
282.132435
282.132435
282.132435
282.132435
273.046311
273.046311
273.046311
273.046311
273.046311
273.046311
273.046311
273.046311
247.594476
247.594476
247.594476
247.594476
247.594476
247.594476
247.594476
247.594476
207.302449
207.302449
207.302449
207.302449
207.302449
207.302449
207.302449
207.302449
154.585232
154.585232
154.585232
154.585232
154.585232
154.585232
154.585232
154.585232
92.602565
92.602565
92.602565
92.602565
92.602565
92.602565
92.602565
92.602565
25.069531
25.069531
25.069531
25.069531
25.069531
25.069531
25.069531
25.069531
-43.966107
-43.966107
-43.966107
-43.966107
-43.966107
-43.966107
-43.966107
-43.966107
-110.366528
-110.366528
-110.366528
-110.366528
-110.366528
-110.366528
-110.366528
-110.366528
-170.151855
-170.151855
-170.151855
-170.151855
-170.151855
-170.151855
-170.151855
-170.151855
-219.738706
-219.738706
-219.738706
-219.738706
-219.738706
-219.738706
-219.738706
-219.738706
-256.154970
-256.154970
-256.154970
-256.154970
-256.154970
-256.154970
-256.154970
-256.154970
-277.217947
-277.217947
-277.217947
-277.217947
-277.217947
-277.217947
-277.217947
-277.217947
-281.665176
-281.665176
-281.665176
-281.665176
-281.665176
-281.665176
-281.665176
-281.665176
-269.230099
-269.230099
-269.230099
-269.230099
-269.230099
-269.230099
-269.230099
-269.230099
-240.658045
-240.658045
-240.658045
-240.658045
-240.658045
-240.658045
-240.658045
-240.658045
-197.661552
-197.661552
-197.661552
-197.661552
-197.661552
-197.661552
-197.661552
-197.661552
-142.817720
-142.817720
-142.817720
-142.817720
-142.817720
-142.817720
-142.817720
-142.817720
-79.413752
-79.413752
-79.413752
-79.413752
-79.413752
-79.413752
-79.413752
-79.413752
-11.249923
-11.249923
-11.249923
-11.249923
-11.249923
-11.249923
-11.249923
-11.249923
57.588199
57.588199
57.588199
57.588199
57.588199
57.588199
57.588199
57.588199
122.974628
122.974628
122.974628
122.974628
122.974628
122.974628
122.974628
122.974628
180.990266
180.990266
180.990266
180.990266
180.990266
180.990266
180.990266
180.990266
228.157801
228.157801
228.157801
228.157801
228.157801
228.157801
228.157801
228.157801
261.650130
261.650130
261.650130
261.650130
261.650130
261.650130
261.650130
261.650130
279.459805
279.459805
279.459805
279.459805
279.459805
279.459805
279.459805
279.459805
280.519360
280.519360
280.519360
280.519360
280.519360
280.519360
280.519360
280.519360
264.765288
264.765288
264.765288
264.765288
264.765288
264.765288
264.765288
264.765288
233.141848
233.141848
233.141848
233.141848
233.141848
233.141848
233.141848
233.141848
187.544470
187.544470
187.544470
187.544470
187.544470
187.544470
187.544470
187.544470
130.706147
130.706147
130.706147
130.706147
130.706147
130.706147
130.706147
130.706147
66.033625
66.033625
66.033625
66.033625
66.033625
66.033625
66.033625
66.033625
-2.596788
-2.596788
-2.596788
-2.596788
-2.596788
-2.596788
-2.596788
-2.596788
-71.071555
-71.071555
-71.071555
-71.071555
-71.071555
-71.071555
-71.071555
-71.071555
-135.286471
-135.286471
-135.286471
-135.286471
-135.286471
-135.286471
-135.286471
-135.286471
-191.392656
-191.392656
-191.392656
-191.392656
-191.392656
-191.392656
-191.392656
-191.392656
-236.027244
-236.027244
-236.027244
-236.027244
-236.027244
-236.027244
-236.027244
-236.027244
-266.514951
-266.514951
-266.514951
-266.514951
-266.514951
-266.514951
-266.514951
-266.514951
-281.028420
-281.028420
-281.028420
-281.028420
-281.028420
-281.028420
-281.028420
-281.028420
-278.697749
-278.697749
-278.697749
-278.697749
-278.697749
-278.697749
-278.697749
-278.697749
-259.662634
-259.662634
-259.662634
-259.662634
-259.662634
-259.662634
-259.662634
-259.662634
-225.063992
-225.063992
-225.063992
-225.063992
-225.063992
-225.063992
-225.063992
-225.063992
-176.975578
-176.975578
-176.975578
-176.975578
-176.975578
-176.975578
-176.975578
-176.975578
-118.279691
-118.279691
-118.279691
-118.279691
-118.279691
-118.279691
-118.279691
-118.279691
-52.494416
-52.494416
-52.494416
-52.494416
-52.494416
-52.494416
-52.494416
-52.494416
16.437242
16.437242
16.437242
16.437242
16.437242
16.437242
16.437242
16.437242
84.383694
84.383694
84.383694
84.383694
84.383694
84.383694
84.383694
84.383694
147.272398
147.272398
147.272398
147.272398
147.272398
147.272398
147.272398
147.272398
201.333964
201.333964
201.333964
201.333964
201.333964
201.333964
201.333964
201.333964
243.328077
243.328077
243.328077
243.328077
243.328077
243.328077
243.328077
243.328077
270.737715
270.737715
270.737715
270.737715
270.737715
270.737715
270.737715
270.737715
281.920012
281.920012
281.920012
281.920012
281.920012
281.920012
281.920012
281.920012
276.204731
276.204731
276.204731
276.204731
276.204731
276.204731
276.204731
276.204731
253.934430
253.934430
253.934430
253.934430
253.934430
253.934430
253.934430
253.934430
216.443937
216.443937
216.443937
216.443937
216.443937
216.443937
216.443937
216.443937
165.980336
165.980336
165.980336
165.980336
165.980336
165.980336
165.980336
165.980336
105.568289
105.568289
105.568289
105.568289
105.568289
105.568289
105.568289
105.568289
38.828745
38.828745
38.828745
38.828745
38.828745
38.828745
38.828745
38.828745
-30.238098
-30.238098
-30.238098
-30.238098
-30.238098
-30.238098
-30.238098
-30.238098
-97.492545
-97.492545
-97.492545
-97.492545
-97.492545
-97.492545
-97.492545
-97.492545
-158.903533
-158.903533
-158.903533
-158.903533
-158.903533
-158.903533
-158.903533
-158.903533
-210.790241
-210.790241
-210.790241
-210.790241
-210.790241
-210.790241
-210.790241
-210.790241
-250.042711
-250.042711
-250.042711
-250.042711
-250.042711
-250.042711
-250.042711
-250.042711
-274.308247
-274.308247
-274.308247
-274.308247
-274.308247
-274.308247
-274.308247
-274.308247
-282.132435
-282.132435
-282.132435
-282.132435
-282.132435
-282.132435
-282.132435
-282.132435
-273.046311
-273.046311
-273.046311
-273.046311
-273.046311
-273.046311
-273.046311
-273.046311
-247.594476
-247.594476
-247.594476
-247.594476
-247.594476
-247.594476
-247.594476
-247.594476
-207.302449
-207.302449
-207.302449
-207.302449
-207.302449
-207.302449
-207.302449
-207.302449
-154.585232
-154.585232
-154.585232
-154.585232
-154.585232
-154.585232
-154.585232
-154.585232
-92.602565
-92.602565
-92.602565
-92.602565
-92.602565
-92.602565
-92.602565
-92.602565
-25.069531
-25.069531
-25.069531
-25.069531
-25.069531
-25.069531
-25.069531
-25.069531
43.966107
43.966107
43.966107
43.966107
43.966107
43.966107
43.966107
43.966107
110.366528
110.366528
110.366528
110.366528
110.366528
110.366528
110.366528
110.366528
170.151855
170.151855
170.151855
170.151855
170.151855
170.151855
170.151855
170.151855
219.738706
219.738706
219.738706
219.738706
219.738706
219.738706
219.738706
219.738706
256.154970
256.154970
256.154970
256.154970
256.154970
256.154970
256.154970
256.154970
277.217947
277.217947
277.217947
277.217947
277.217947
277.217947
277.217947
277.217947
281.665176
281.665176
281.665176
281.665176
281.665176
281.665176
281.665176
281.665176
269.230099
269.230099
269.230099
269.230099
269.230099
269.230099
269.230099
269.230099
240.658045
240.658045
240.658045
240.658045
240.658045
240.658045
240.658045
240.658045
197.661552
197.661552
197.661552
197.661552
197.661552
197.661552
197.661552
197.661552
142.817720
142.817720
142.817720
142.817720
142.817720
142.817720
142.817720
142.817720
79.413752
79.413752
79.413752
79.413752
79.413752
79.413752
79.413752
79.413752
11.249923
11.249923
11.249923
11.249923
11.249923
11.249923
11.249923
11.249923
-57.588199
-57.588199
-57.588199
-57.588199
-57.588199
-57.588199
-57.588199
-57.588199
-122.974628
-122.974628
-122.974628
-122.974628
-122.974628
-122.974628
-122.974628
-122.974628
-180.990266
-180.990266
-180.990266
-180.990266
-180.990266
-180.990266
-180.990266
-180.990266
-228.157801
-228.157801
-228.157801
-228.157801
-228.157801
-228.157801
-228.157801
-228.157801
-261.650130
-261.650130
-261.650130
-261.650130
-261.650130
-261.650130
-261.650130
-261.650130
-279.459805
-279.459805
-279.459805
-279.459805
-279.459805
-279.459805
-279.459805
-279.459805
-280.519360
-280.519360
-280.519360
-280.519360
-280.519360
-280.519360
-280.519360
-280.519360
-264.765288
-264.765288
-264.765288
-264.765288
-264.765288
-264.765288
-264.765288
-264.765288
-233.141848
-233.141848
-233.141848
-233.141848
-233.141848
-233.141848
-233.141848
-233.141848
-187.544470
-187.544470
-187.544470
-187.544470
-187.544470
-187.544470
-187.544470
-187.544470
-130.706147
-130.706147
-130.706147
-130.706147
-130.706147
-130.706147
-130.706147
-130.706147
-66.033625
-66.033625
-66.033625
-66.033625
-66.033625
-66.033625
-66.033625
-66.033625
2.596788
2.596788
2.596788
2.596788
2.596788
2.596788
2.596788
2.596788
71.071555
71.071555
71.071555
71.071555
71.071555
71.071555
71.071555
71.071555
135.286471
135.286471
135.286471
135.286471
135.286471
135.286471
135.286471
135.286471
191.392656
191.392656
191.392656
191.392656
191.392656
191.392656
191.392656
191.392656
236.027244
236.027244
236.027244
236.027244
236.027244
236.027244
236.027244
236.027244
266.514951
266.514951
266.514951
266.514951
266.514951
266.514951
266.514951
266.514951
281.028420
281.028420
281.028420
281.028420
281.028420
281.028420
281.028420
281.028420
278.697749
278.697749
278.697749
278.697749
278.697749
278.697749
278.697749
278.697749
259.662634
259.662634
259.662634
259.662634
259.662634
259.662634
259.662634
259.662634
225.063992
225.063992
225.063992
225.063992
225.063992
225.063992
225.063992
225.063992
176.975578
176.975578
176.975578
176.975578
176.975578
176.975578
176.975578
176.975578
118.279691
118.279691
118.279691
118.279691
118.279691
118.279691
118.279691
118.279691
52.494416
52.494416
52.494416
52.494416
52.494416
52.494416
52.494416
52.494416
-16.437242
-16.437242
-16.437242
-16.437242
-16.437242
-16.437242
-16.437242
-16.437242
-84.383694
-84.383694
-84.383694
-84.383694
-84.383694
-84.383694
-84.383694
-84.383694
-147.272398
-147.272398
-147.272398
-147.272398
-147.272398
-147.272398
-147.272398
-147.272398
-201.333964
-201.333964
-201.333964
-201.333964
-201.333964
-201.333964
-201.333964
-201.333964
-243.328077
-243.328077
-243.328077
-243.328077
-243.328077
-243.328077
-243.328077
-243.328077
-270.737715
-270.737715
-270.737715
-270.737715
-270.737715
-270.737715
-270.737715
-270.737715
-281.920012
-281.920012
-281.920012
-281.920012
-281.920012
-281.920012
-281.920012
-281.920012
-276.204731
-276.204731
-276.204731
-276.204731
-276.204731
-276.204731
-276.204731
-276.204731
-253.934430
-253.934430
-253.934430
-253.934430
-253.934430
-253.934430
-253.934430
-253.934430
-216.443937
-216.443937
-216.443937
-216.443937
-216.443937
-216.443937
-216.443937
-216.443937
-165.980336
-165.980336
-165.980336
-165.980336
-165.980336
-165.980336
-165.980336
-165.980336
-105.568289
-105.568289
-105.568289
-105.568289
-105.568289
-105.568289
-105.568289
-105.568289
-38.828745
-38.828745
-38.828745
-38.828745
-38.828745
-38.828745
-38.828745
-38.828745
