0.000000
3.067480
6.132074
9.190896
12.241068
15.279719
18.303989
21.311032
24.298018
27.262136
30.200595
33.110631
35.989504
38.834505
41.642956
44.412214
47.139674
49.822767
52.458968
55.045797
57.580819
60.061648
62.485949
64.851440
67.155895
69.397146
71.573083
73.681657
75.720885
77.688847
79.583690
81.403633
83.146961
84.812034
86.397286
87.901223
89.322430
90.659570
91.911385
93.076696
94.154407
95.143502
96.043052
96.852209
97.570213
98.196387
98.730142
99.170975
99.518473
99.772307
99.932238
99.998118
99.969882
99.847558
99.631261
99.321195
98.917651
98.421009
97.831737
97.150389
96.377607
95.514117
94.560733
93.518351
92.387953
91.170603
89.867447
88.479710
87.008699
85.455799
83.822471
82.110251
80.320753
78.455660
76.516727
74.505779
72.424708
70.275474
68.060100
65.780669
63.439328
61.038281
58.579786
56.066158
53.499762
50.883014
48.218377
45.508359
42.755509
39.962420
37.131719
34.266072
31.368174
28.440754
25.486566
22.508391
19.509032
16.491312
13.458071
10.412163
7.356456
4.293826
1.227154
-1.840673
-4.906767
-7.968244
-11.022221
-14.065824
-17.096189
-20.110463
-23.105811
-26.079412
-29.028468
-31.950203
-34.841868
-37.700741
-40.524131
-43.309382
-46.053871
-48.755016
-51.410274
-54.017147
-56.573181
-59.075970
-61.523159
-63.912444
-66.241578
-68.508367
-70.710678
-72.846439
-74.913639
-76.910334
-78.834643
-80.684755
-82.458930
-84.155498
-85.772861
-87.309498
-88.763962
-90.134885
-91.420976
-92.621024
-93.733901
-94.758559
-95.694034
-96.539444
-97.293995
-97.956977
-98.527764
-99.005821
-99.390697
-99.682030
-99.879546
-99.983058
-99.992470
-99.907773
-99.729046
-99.456457
-99.090264
-98.630810
-98.078528
-97.433938
-96.697647
-95.870347
-94.952818
-93.945922
-92.850608
-91.667906
-90.398929
-89.044872
-87.607009
-86.086694
-84.485357
-82.804505
-81.045720
-79.210658
-77.301045
-75.318680
-73.265427
-71.143220
-68.954054
-66.699992
-64.383154
-62.005721
-59.569930
-57.078075
-54.532499
-51.935599
-49.289819
-46.597650
-43.861624
-41.084317
-38.268343
-35.416353
-32.531029
-29.615089
-26.671276
-23.702361
-20.711138
-17.700422
-14.673047
-11.631863
-8.579731
-5.519524
-2.454123
0.613588
3.680722
6.744392
9.801714
12.849811
15.885814
18.906866
21.910124
24.892761
27.851969
30.784964
33.688985
36.561300
39.399204
42.200027
44.961133
47.679923
50.353838
52.980362
55.557023
58.081396
60.551104
62.963824
65.317284
67.609270
69.837625
72.000251
74.095113
76.120239
78.073723
79.953727
81.758481
83.486287
85.135519
86.704625
88.192126
89.596625
90.916798
92.151404
93.299280
94.359346
95.330604
96.212140
97.003125
97.702814
98.310549
98.825757
99.247953
99.576741
99.811811
99.952942
100.000000
99.952942
99.811811
99.576741
99.247953
98.825757
98.310549
97.702814
97.003125
96.212140
95.330604
94.359346
93.299280
92.151404
90.916798
89.596625
88.192126
86.704625
85.135519
83.486287
81.758481
79.953727
78.073723
76.120239
74.095113
72.000251
69.837625
67.609270
65.317284
62.963824
60.551104
58.081396
55.557023
52.980362
50.353838
47.679923
44.961133
42.200027
39.399204
36.561300
33.688985
30.784964
27.851969
24.892761
21.910124
18.906866
15.885814
12.849811
9.801714
6.744392
3.680722
0.613588
-2.454123
-5.519524
-8.579731
-11.631863
-14.673047
-17.700422
-20.711138
-23.702361
-26.671276
-29.615089
-32.531029
-35.416353
-38.268343
-41.084317
-43.861624
-46.597650
-49.289819
-51.935599
-54.532499
-57.078075
-59.569930
-62.005721
-64.383154
-66.699992
-68.954054
-71.143220
-73.265427
-75.318680
-77.301045
-79.210658
-81.045720
-82.804505
-84.485357
-86.086694
-87.607009
-89.044872
-90.398929
-91.667906
-92.850608
-93.945922
-94.952818
-95.870347
-96.697647
-97.433938
-98.078528
-98.630810
-99.090264
-99.456457
-99.729046
-99.907773
-99.992470
-99.983058
-99.879546
-99.682030
-99.390697
-99.005821
-98.527764
-97.956977
-97.293995
-96.539444
-95.694034
-94.758559
-93.733901
-92.621024
-91.420976
-90.134885
-88.763962
-87.309498
-85.772861
-84.155498
-82.458930
-80.684755
-78.834643
-76.910334
-74.913639
-72.846439
-70.710678
-68.508367
-66.241578
-63.912444
-61.523159
-59.075970
-56.573181
-54.017147
-51.410274
-48.755016
-46.053871
-43.309382
-40.524131
-37.700741
-34.841868
-31.950203
-29.028468
-26.079412
-23.105811
-20.110463
-17.096189
-14.065824
-11.022221
-7.968244
-4.906767
-1.840673
1.227154
4.293826
7.356456
10.412163
13.458071
16.491312
19.509032
22.508391
25.486566
28.440754
31.368174
34.266072
37.131719
39.962420
42.755509
45.508359
48.218377
50.883014
53.499762
56.066158
58.579786
61.038281
63.439328
65.780669
68.060100
70.275474
72.424708
74.505779
76.516727
78.455660
80.320753
82.110251
83.822471
85.455799
87.008699
88.479710
89.867447
91.170603
92.387953
93.518351
94.560733
95.514117
96.377607
97.150389
97.831737
98.421009
98.917651
99.321195
99.631261
99.847558
99.969882
99.998118
99.932238
99.772307
99.518473
99.170975
98.730142
98.196387
97.570213
96.852209
96.043052
95.143502
94.154407
93.076696
91.911385
90.659570
89.322430
87.901223
86.397286
84.812034
83.146961
81.403633
79.583690
77.688847
75.720885
73.681657
71.573083
69.397146
67.155895
64.851440
62.485949
60.061648
57.580819
55.045797
52.458968
49.822767
47.139674
44.412214
41.642956
38.834505
35.989504
33.110631
30.200595
27.262136
24.298018
21.311032
18.303989
15.279719
12.241068
9.190896
6.132074
3.067480
0.000000
-3.067480
-6.132074
-9.190896
-12.241068
-15.279719
-18.303989
-21.311032
-24.298018
-27.262136
-30.200595
-33.110631
-35.989504
-38.834505
-41.642956
-44.412214
-47.139674
-49.822767
-52.458968
-55.045797
-57.580819
-60.061648
-62.485949
-64.851440
-67.155895
-69.397146
-71.573083
-73.681657
-75.720885
-77.688847
-79.583690
-81.403633
-83.146961
-84.812034
-86.397286
-87.901223
-89.322430
-90.659570
-91.911385
-93.076696
-94.154407
-95.143502
-96.043052
-96.852209
-97.570213
-98.196387
-98.730142
-99.170975
-99.518473
-99.772307
-99.932238
-99.998118
-99.969882
-99.847558
-99.631261
-99.321195
-98.917651
-98.421009
-97.831737
-97.150389
-96.377607
-95.514117
-94.560733
-93.518351
-92.387953
-91.170603
-89.867447
-88.479710
-87.008699
-85.455799
-83.822471
-82.110251
-80.320753
-78.455660
-76.516727
-74.505779
-72.424708
-70.275474
-68.060100
-65.780669
-63.439328
-61.038281
-58.579786
-56.066158
-53.499762
-50.883014
-48.218377
-45.508359
-42.755509
-39.962420
-37.131719
-34.266072
-31.368174
-28.440754
-25.486566
-22.508391
-19.509032
-16.491312
-13.458071
-10.412163
-7.356456
-4.293826
-1.227154
1.840673
4.906767
7.968244
11.022221
14.065824
17.096189
20.110463
23.105811
26.079412
29.028468
31.950203
34.841868
37.700741
40.524131
43.309382
46.053871
48.755016
51.410274
54.017147
56.573181
59.075970
61.523159
63.912444
66.241578
68.508367
70.710678
72.846439
74.913639
76.910334
78.834643
80.684755
82.458930
84.155498
85.772861
87.309498
88.763962
90.134885
91.420976
92.621024
93.733901
94.758559
95.694034
96.539444
97.293995
97.956977
98.527764
99.005821
99.390697
99.682030
99.879546
99.983058
99.992470
99.907773
99.729046
99.456457
99.090264
98.630810
98.078528
97.433938
96.697647
95.870347
94.952818
93.945922
92.850608
91.667906
90.398929
89.044872
87.607009
86.086694
84.485357
82.804505
81.045720
79.210658
77.301045
75.318680
73.265427
71.143220
68.954054
66.699992
64.383154
62.005721
59.569930
57.078075
54.532499
51.935599
49.289819
46.597650
43.861624
41.084317
38.268343
35.416353
32.531029
29.615089
26.671276
23.702361
20.711138
17.700422
14.673047
11.631863
8.579731
5.519524
2.454123
-0.613588
-3.680722
-6.744392
-9.801714
-12.849811
-15.885814
-18.906866
-21.910124
-24.892761
-27.851969
-30.784964
-33.688985
-36.561300
-39.399204
-42.200027
-44.961133
-47.679923
-50.353838
-52.980362
-55.557023
-58.081396
-60.551104
-62.963824
-65.317284
-67.609270
-69.837625
-72.000251
-74.095113
-76.120239
-78.073723
-79.953727
-81.758481
-83.486287
-85.135519
-86.704625
-88.192126
-89.596625
-90.916798
-92.151404
-93.299280
-94.359346
-95.330604
-96.212140
-97.003125
-97.702814
-98.310549
-98.825757
-99.247953
-99.576741
-99.811811
-99.952942
-100.000000
-99.952942
-99.811811
-99.576741
-99.247953
-98.825757
-98.310549
-97.702814
-97.003125
-96.212140
-95.330604
-94.359346
-93.299280
-92.151404
-90.916798
-89.596625
-88.192126
-86.704625
-85.135519
-83.486287
-81.758481
-79.953727
-78.073723
-76.120239
-74.095113
-72.000251
-69.837625
-67.609270
-65.317284
-62.963824
-60.551104
-58.081396
-55.557023
-52.980362
-50.353838
-47.679923
-44.961133
-42.200027
-39.399204
-36.561300
-33.688985
-30.784964
-27.851969
-24.892761
-21.910124
-18.906866
-15.885814
-12.849811
-9.801714
-6.744392
-3.680722
-0.613588
2.454123
5.519524
8.579731
11.631863
14.673047
17.700422
20.711138
23.702361
26.671276
29.615089
32.531029
35.416353
38.268343
41.084317
43.861624
46.597650
49.289819
51.935599
54.532499
57.078075
59.569930
62.005721
64.383154
66.699992
68.954054
71.143220
73.265427
75.318680
77.301045
79.210658
81.045720
82.804505
84.485357
86.086694
87.607009
89.044872
90.398929
91.667906
92.850608
93.945922
94.952818
95.870347
96.697647
97.433938
98.078528
98.630810
99.090264
99.456457
99.729046
99.907773
99.992470
99.983058
99.879546
99.682030
99.390697
99.005821
98.527764
97.956977
97.293995
96.539444
95.694034
94.758559
93.733901
92.621024
91.420976
90.134885
88.763962
87.309498
85.772861
84.155498
82.458930
80.684755
78.834643
76.910334
74.913639
72.846439
70.710678
68.508367
66.241578
63.912444
61.523159
59.075970
56.573181
54.017147
51.410274
48.755016
46.053871
43.309382
40.524131
37.700741
34.841868
31.950203
29.028468
26.079412
23.105811
20.110463
17.096189
14.065824
11.022221
7.968244
4.906767
1.840673
-1.227154
-4.293826
-7.356456
-10.412163
-13.458071
-16.491312
-19.509032
-22.508391
-25.486566
-28.440754
-31.368174
-34.266072
-37.131719
-39.962420
-42.755509
-45.508359
-48.218377
-50.883014
-53.499762
-56.066158
-58.579786
-61.038281
-63.439328
-65.780669
-68.060100
-70.275474
-72.424708
-74.505779
-76.516727
-78.455660
-80.320753
-82.110251
-83.822471
-85.455799
-87.008699
-88.479710
-89.867447
-91.170603
-92.387953
-93.518351
-94.560733
-95.514117
-96.377607
-97.150389
-97.831737
-98.421009
-98.917651
-99.321195
-99.631261
-99.847558
-99.969882
-99.998118
-99.932238
-99.772307
-99.518473
-99.170975
-98.730142
-98.196387
-97.570213
-96.852209
-96.043052
-95.143502
-94.154407
-93.076696
-91.911385
-90.659570
-89.322430
-87.901223
-86.397286
-84.812034
-83.146961
-81.403633
-79.583690
-77.688847
-75.720885
-73.681657
-71.573083
-69.397146
-67.155895
-64.851440
-62.485949
-60.061648
-57.580819
-55.045797
-52.458968
-49.822767
-47.139674
-44.412214
-41.642956
-38.834505
-35.989504
-33.110631
-30.200595
-27.262136
-24.298018
-21.311032
-18.303989
-15.279719
-12.241068
-9.190896
-6.132074
-3.067480
