145.001331
296.225599
144.056525
185.038276
257.387314
64836.769286
457.000199
316.524965
174.705790
418.140879
278.757979
767.790792
279.555873
568.072535
390.550665
21297.479870
231.294054
516.585731
571.904414
365.821697
239.979916
251.497962
262.817753
151.075943
232.486062
13191.364296
169.089662
475.399621
161.680437
245.671850
49.607104
576.997940
398.659936
401.284368
203.334835
9230.067119
47.305319
106.553339
282.583690
239.856127
256.467892
631.489562
150.455515
707.517914
234.559499
7171.415634
227.532316
233.684799
247.129528
393.954201
357.917043
474.070885
31.198883
222.513386
372.272235
6055.838522
246.709866
202.588222
639.629313
897.578652
259.259985
554.220991
403.883222
303.428496
420.635926
4944.916750
235.749495
235.805015
278.777507
361.948451
70.489217
332.620509
285.384094
277.148511
627.911794
4571.786211
238.351302
295.706619
241.976245
420.742379
290.984683
405.239477
224.429428
549.944423
355.855033
3592.086829
173.599454
264.827764
93.362767
1039.881353
580.239554
561.684503
170.113308
76.524765
568.326457
3070.329029
207.040633
163.115563
104.082806
768.373704
233.612090
441.139008
251.317286
312.650313
222.829028
3075.166366
336.004192
197.408898
338.241401
707.535501
195.263408
308.563482
432.313971
139.948374
226.926093
2660.364274
268.831471
354.381303
257.738519
261.315762
47.305721
133.577408
131.702032
586.379091
456.770059
2765.379983
57.937694
158.244577
295.674581
164.389669
516.236894
121.227273
333.174841
527.660051
123.975029
2654.273295
910.079806
570.732805
264.255123
279.145243
157.255277
644.405765
184.902815
198.346469
316.297050
2458.464566
225.921417
256.746100
221.969746
393.282391
145.126001
496.098824
98.098161
389.201057
199.907201
2329.426928
179.076371
457.704593
246.451710
559.539380
26.877028
210.243427
355.710807
443.751972
182.723759
2051.667758
112.901430
217.941295
138.213492
272.254334
392.461624
65.189987
430.757643
226.759498
416.615207
2095.322532
291.533047
244.917153
319.383786
362.449425
161.480285
565.389551
324.302539
212.488202
104.787557
1689.212625
187.177262
550.609464
207.862941
255.086483
311.887148
609.269485
149.405242
302.668591
202.684663
1808.038724
115.320632
342.808622
185.347485
317.173362
405.468664
271.133790
373.710534
89.001932
446.675967
1953.090959
339.239128
263.728493
194.022872
576.691136
162.841534
287.299229
951.286751
524.921899
289.927553
1679.034367
233.117726
361.443602
435.853272
353.797175
174.841944
447.966481
162.017649
384.286718
271.010494
1167.476713
227.665530
586.144441
118.576821
318.224188
511.133103
618.250846
170.675448
51.644846
210.184463
1584.916840
267.898547
297.863111
373.894615
541.909804
230.212471
453.845734
104.689030
227.322040
193.395904
1410.888594
134.629432
619.321428
224.369097
792.494315
333.128903
77.827911
496.676454
290.389231
172.896102
1262.180253
349.478022
406.996734
233.724048
947.421174
69.755573
388.142799
583.044494
382.524512
174.200929
1521.603639
60.349062
363.248982
304.507699
807.123229
56.373676
220.041972
238.200036
583.725901
602.849377
1204.045913
306.838787
475.754107
407.404226
278.360911
316.859701
862.345650
260.251352
302.514939
278.876807
877.098958
499.310414
146.830666
358.816332
425.266279
417.075542
559.752229
342.032540
580.301498
120.436481
1183.908011
507.302118
462.174047
188.017067
635.946361
359.249620
138.375400
186.271689
392.683700
242.284283
1179.904699
54.995632
563.186466
409.218997
1037.044263
292.253083
86.011708
350.167156
837.492897
254.043755
1102.457949
167.322316
82.362961
114.183882
707.406732
267.076208
74.173580
255.644787
261.554298
480.466841
1383.169291
68.126141
439.065125
205.006965
394.319525
380.011670
336.277642
364.036697
370.208664
288.461971
1014.280258
156.799157
249.993938
301.216071
1053.129457
225.530133
647.925444
547.826266
593.786036
285.856895
1133.173400
102.195918
505.107450
52.271403
723.264996
384.223885
487.693314
177.521249
82.901051
507.672348
759.941306
178.590759
109.015458
314.563612
864.891173
341.114702
359.980899
315.566153
502.203912
219.073377
1394.146093
177.052409
344.243178
375.652448
775.942353
281.799077
734.344858
512.182536
244.794149
301.174572
623.668797
359.013657
171.966150
89.555739
245.501073
345.782333
35.075556
490.815441
162.614075
498.282790
849.912236
394.027920
147.533088
531.910300
507.425697
317.862881
533.191019
300.499377
452.736084
200.967958
986.261450
294.137768
104.380450
97.006161
142.798198
422.903369
329.952582
162.849767
517.908722
300.796537
899.034659
159.285901
575.087989
256.249847
286.839939
88.492497
193.085948
359.052316
276.733432
202.766664
694.940619
273.800008
554.029430
422.957480
640.733188
327.462090
158.308772
297.781540
218.190971
171.586599
410.733181
56.057116
287.881129
225.178428
496.392600
230.092706
194.936150
98.844011
467.818861
156.551757
1233.481163
763.693549
186.014656
711.727965
642.507757
107.981618
302.252793
191.519656
563.868730
268.333191
624.173654
291.795260
113.077638
121.191184
698.636138
431.965327
501.844684
261.820809
965.174395
495.941039
633.015718
206.487606
174.564017
595.213159
517.496955
71.850182
413.110989
323.171086
197.095564
274.973239
943.471898
64.462070
381.679569
290.226501
505.024151
330.813729
320.858358
191.591191
381.733243
98.465895
694.916237
246.846248
651.152132
274.120781
647.974799
271.675291
209.671717
348.826775
382.339736
285.094308
998.977927
635.200019
190.938144
530.643189
874.997710
324.241908
547.564066
160.341195
396.883968
204.991650
592.486843
616.634091
491.899014
344.234463
826.042591
331.084399
482.738752
428.767669
241.258807
57.599997
389.787563
187.552418
777.161247
426.474140
641.326948
275.182009
417.530186
176.505362
417.530186
275.182009
641.326948
426.474140
777.161247
187.552418
389.787563
57.599997
241.258807
428.767669
482.738752
331.084399
826.042591
344.234463
491.899014
616.634091
592.486843
204.991650
396.883968
160.341195
547.564066
324.241908
874.997710
530.643189
190.938144
635.200019
998.977927
285.094308
382.339736
348.826775
209.671717
271.675291
647.974799
274.120781
651.152132
246.846248
694.916237
98.465895
381.733243
191.591191
320.858358
330.813729
505.024151
290.226501
381.679569
64.462070
943.471898
274.973239
197.095564
323.171086
413.110989
71.850182
517.496955
595.213159
174.564017
206.487606
633.015718
495.941039
965.174395
261.820809
501.844684
431.965327
698.636138
121.191184
113.077638
291.795260
624.173654
268.333191
563.868730
191.519656
302.252793
107.981618
642.507757
711.727965
186.014656
763.693549
1233.481163
156.551757
467.818861
98.844011
194.936150
230.092706
496.392600
225.178428
287.881129
56.057116
410.733181
171.586599
218.190971
297.781540
158.308772
327.462090
640.733188
422.957480
554.029430
273.800008
694.940619
202.766664
276.733432
359.052316
193.085948
88.492497
286.839939
256.249847
575.087989
159.285901
899.034659
300.796537
517.908722
162.849767
329.952582
422.903369
142.798198
97.006161
104.380450
294.137768
986.261450
200.967958
452.736084
300.499377
533.191019
317.862881
507.425697
531.910300
147.533088
394.027920
849.912236
498.282790
162.614075
490.815441
35.075556
345.782333
245.501073
89.555739
171.966150
359.013657
623.668797
301.174572
244.794149
512.182536
734.344858
281.799077
775.942353
375.652448
344.243178
177.052409
1394.146093
219.073377
502.203912
315.566153
359.980899
341.114702
864.891173
314.563612
109.015458
178.590759
759.941306
507.672348
82.901051
177.521249
487.693314
384.223885
723.264996
52.271403
505.107450
102.195918
1133.173400
285.856895
593.786036
547.826266
647.925444
225.530133
1053.129457
301.216071
249.993938
156.799157
1014.280258
288.461971
370.208664
364.036697
336.277642
380.011670
394.319525
205.006965
439.065125
68.126141
1383.169291
480.466841
261.554298
255.644787
74.173580
267.076208
707.406732
114.183882
82.362961
167.322316
1102.457949
254.043755
837.492897
350.167156
86.011708
292.253083
1037.044263
409.218997
563.186466
54.995632
1179.904699
242.284283
392.683700
186.271689
138.375400
359.249620
635.946361
188.017067
462.174047
507.302118
1183.908011
120.436481
580.301498
342.032540
559.752229
417.075542
425.266279
358.816332
146.830666
499.310414
877.098958
278.876807
302.514939
260.251352
862.345650
316.859701
278.360911
407.404226
475.754107
306.838787
1204.045913
602.849377
583.725901
238.200036
220.041972
56.373676
807.123229
304.507699
363.248982
60.349062
1521.603639
174.200929
382.524512
583.044494
388.142799
69.755573
947.421174
233.724048
406.996734
349.478022
1262.180253
172.896102
290.389231
496.676454
77.827911
333.128903
792.494315
224.369097
619.321428
134.629432
1410.888594
193.395904
227.322040
104.689030
453.845734
230.212471
541.909804
373.894615
297.863111
267.898547
1584.916840
210.184463
51.644846
170.675448
618.250846
511.133103
318.224188
118.576821
586.144441
227.665530
1167.476713
271.010494
384.286718
162.017649
447.966481
174.841944
353.797175
435.853272
361.443602
233.117726
1679.034367
289.927553
524.921899
951.286751
287.299229
162.841534
576.691136
194.022872
263.728493
339.239128
1953.090959
446.675967
89.001932
373.710534
271.133790
405.468664
317.173362
185.347485
342.808622
115.320632
1808.038724
202.684663
302.668591
149.405242
609.269485
311.887148
255.086483
207.862941
550.609464
187.177262
1689.212625
104.787557
212.488202
324.302539
565.389551
161.480285
362.449425
319.383786
244.917153
291.533047
2095.322532
416.615207
226.759498
430.757643
65.189987
392.461624
272.254334
138.213492
217.941295
112.901430
2051.667758
182.723759
443.751972
355.710807
210.243427
26.877028
559.539380
246.451710
457.704593
179.076371
2329.426928
199.907201
389.201057
98.098161
496.098824
145.126001
393.282391
221.969746
256.746100
225.921417
2458.464566
316.297050
198.346469
184.902815
644.405765
157.255277
279.145243
264.255123
570.732805
910.079806
2654.273295
123.975029
527.660051
333.174841
121.227273
516.236894
164.389669
295.674581
158.244577
57.937694
2765.379983
456.770059
586.379091
131.702032
133.577408
47.305721
261.315762
257.738519
354.381303
268.831471
2660.364274
226.926093
139.948374
432.313971
308.563482
195.263408
707.535501
338.241401
197.408898
336.004192
3075.166366
222.829028
312.650313
251.317286
441.139008
233.612090
768.373704
104.082806
163.115563
207.040633
3070.329029
568.326457
76.524765
170.113308
561.684503
580.239554
1039.881353
93.362767
264.827764
173.599454
3592.086829
355.855033
549.944423
224.429428
405.239477
290.984683
420.742379
241.976245
295.706619
238.351302
4571.786211
627.911794
277.148511
285.384094
332.620509
70.489217
361.948451
278.777507
235.805015
235.749495
4944.916750
420.635926
303.428496
403.883222
554.220991
259.259985
897.578652
639.629313
202.588222
246.709866
6055.838522
372.272235
222.513386
31.198883
474.070885
357.917043
393.954201
247.129528
233.684799
227.532316
7171.415634
234.559499
707.517914
150.455515
631.489562
256.467892
239.856127
282.583690
106.553339
47.305319
9230.067119
203.334835
401.284368
398.659936
576.997940
49.607104
245.671850
161.680437
475.399621
169.089662
13191.364296
232.486062
151.075943
262.817753
251.497962
239.979916
365.821697
571.904414
516.585731
231.294054
21297.479870
390.550665
568.072535
279.555873
767.790792
278.757979
418.140879
174.705790
316.524965
457.000199
64836.769286
257.387314
185.038276
144.056525
296.225599
