0.000000
339.973267
0.000000
210.418654
0.000000
65189.966956
0.000000
210.001310
0.000000
342.871649
0.000000
337.136062
0.000000
210.845614
0.000000
21730.261696
0.000000
209.593493
0.000000
345.833008
0.000000
334.358305
0.000000
211.282281
0.000000
13038.484279
0.000000
209.195119
0.000000
348.859216
0.000000
331.638331
0.000000
211.728748
0.000000
9313.553709
0.000000
208.806102
0.000000
351.952220
0.000000
328.974539
0.000000
212.185113
0.000000
7244.238769
0.000000
208.426362
0.000000
355.114050
0.000000
326.365387
0.000000
212.651472
0.000000
5927.476404
0.000000
208.055820
0.000000
358.346818
0.000000
323.809393
0.000000
213.127927
0.000000
5015.934673
0.000000
207.694399
0.000000
361.652728
0.000000
321.305126
0.000000
213.614583
0.000000
4347.525339
0.000000
207.342024
0.000000
365.034073
0.000000
318.851209
0.000000
214.111546
0.000000
3836.436986
0.000000
206.998623
0.000000
368.493249
0.000000
316.446315
0.000000
214.618926
0.000000
3432.989323
0.000000
206.664125
0.000000
372.032753
0.000000
314.089163
0.000000
215.136835
0.000000
3106.427885
0.000000
206.338463
0.000000
375.655193
0.000000
311.778519
0.000000
215.665389
0.000000
2836.695414
0.000000
206.021569
0.000000
379.363293
0.000000
309.513191
0.000000
216.204707
0.000000
2610.152978
0.000000
205.713381
0.000000
383.159898
0.000000
307.292031
0.000000
216.754910
0.000000
2417.202810
0.000000
205.413836
0.000000
387.047982
0.000000
305.113929
0.000000
217.316123
0.000000
2250.894806
0.000000
205.122873
0.000000
391.030656
0.000000
302.977813
0.000000
217.888475
0.000000
2106.072437
0.000000
204.840435
0.000000
395.111175
0.000000
300.882649
0.000000
218.472096
0.000000
1978.829243
0.000000
204.566464
0.000000
399.292946
0.000000
298.827436
0.000000
219.067122
0.000000
1866.151672
0.000000
204.300907
0.000000
403.579539
0.000000
296.811209
0.000000
219.673692
0.000000
1765.677750
0.000000
204.043711
0.000000
407.974695
0.000000
294.833032
0.000000
220.291947
0.000000
1675.530014
0.000000
203.794824
0.000000
412.482336
0.000000
292.892003
0.000000
220.922032
0.000000
1594.197333
0.000000
203.554198
0.000000
417.106577
0.000000
290.987249
0.000000
221.564099
0.000000
1520.449721
0.000000
203.321786
0.000000
421.851739
0.000000
289.117923
0.000000
222.218298
0.000000
1453.275856
0.000000
203.097542
0.000000
426.722359
0.000000
287.283208
0.000000
222.884789
0.000000
1391.836556
0.000000
202.881422
0.000000
431.723208
0.000000
285.482313
0.000000
223.563732
0.000000
1335.429649
0.000000
202.673383
0.000000
436.859301
0.000000
283.714471
0.000000
224.255293
0.000000
1283.463111
0.000000
202.473386
0.000000
442.135918
0.000000
281.978940
0.000000
224.959642
0.000000
1235.434278
0.000000
202.281392
0.000000
447.558617
0.000000
280.275001
0.000000
225.676953
0.000000
1190.913603
0.000000
202.097363
0.000000
453.133256
0.000000
278.601958
0.000000
226.407404
0.000000
1149.531828
0.000000
201.921264
0.000000
458.866012
0.000000
276.959135
0.000000
227.151178
0.000000
1110.969762
0.000000
201.753061
0.000000
464.763403
0.000000
275.345879
0.000000
227.908465
0.000000
1074.950079
0.000000
201.592721
0.000000
470.832313
0.000000
273.761555
0.000000
228.679456
0.000000
1041.230667
0.000000
201.440214
0.000000
477.080016
0.000000
272.205549
0.000000
229.464350
0.000000
1009.599215
0.000000
201.295511
0.000000
483.514206
0.000000
270.677265
0.000000
230.263349
0.000000
979.868762
0.000000
201.158583
0.000000
490.143024
0.000000
269.176123
0.000000
231.076663
0.000000
951.874026
0.000000
201.029405
0.000000
496.975098
0.000000
267.701563
0.000000
231.904504
0.000000
925.468346
0.000000
200.907952
0.000000
504.019572
0.000000
266.253040
0.000000
232.747093
0.000000
900.521137
0.000000
200.794201
0.000000
511.286151
0.000000
264.830026
0.000000
233.604654
0.000000
876.915742
0.000000
200.688130
0.000000
518.785140
0.000000
263.432006
0.000000
234.477418
0.000000
854.547626
0.000000
200.589720
0.000000
526.527497
0.000000
262.058484
0.000000
235.365622
0.000000
833.322839
0.000000
200.498950
0.000000
534.524878
0.000000
260.708976
0.000000
236.269511
0.000000
813.156712
0.000000
200.415805
0.000000
542.789700
0.000000
259.383010
0.000000
237.189333
0.000000
793.972737
0.000000
200.340269
0.000000
551.335200
0.000000
258.080132
0.000000
238.125346
0.000000
775.701606
0.000000
200.272327
0.000000
560.175508
0.000000
256.799897
0.000000
239.077812
0.000000
758.280387
0.000000
200.211966
0.000000
569.325716
0.000000
255.541874
0.000000
240.047002
0.000000
741.651803
0.000000
200.159175
0.000000
578.801971
0.000000
254.305645
0.000000
241.033193
0.000000
725.763616
0.000000
200.113944
0.000000
588.621561
0.000000
253.090801
0.000000
242.036672
0.000000
710.568078
0.000000
200.076265
0.000000
598.803020
0.000000
251.896949
0.000000
243.057730
0.000000
696.021466
0.000000
200.046130
0.000000
609.366245
0.000000
250.723701
0.000000
244.096669
0.000000
682.083661
0.000000
200.023533
0.000000
620.332620
0.000000
249.570685
0.000000
245.153796
0.000000
668.717788
0.000000
200.008471
0.000000
631.725157
0.000000
248.437536
0.000000
246.229431
0.000000
655.889893
0.000000
200.000941
0.000000
643.568660
0.000000
247.323899
0.000000
247.323899
0.000000
643.568660
0.000000
200.000941
0.000000
655.889893
0.000000
246.229431
0.000000
248.437536
0.000000
631.725157
0.000000
200.008471
0.000000
668.717788
0.000000
245.153796
0.000000
249.570685
0.000000
620.332620
0.000000
200.023533
0.000000
682.083661
0.000000
244.096669
0.000000
250.723701
0.000000
609.366245
0.000000
200.046130
0.000000
696.021466
0.000000
243.057730
0.000000
251.896949
0.000000
598.803020
0.000000
200.076265
0.000000
710.568078
0.000000
242.036672
0.000000
253.090801
0.000000
588.621561
0.000000
200.113944
0.000000
725.763616
0.000000
241.033193
0.000000
254.305645
0.000000
578.801971
0.000000
200.159175
0.000000
741.651803
0.000000
240.047002
0.000000
255.541874
0.000000
569.325716
0.000000
200.211966
0.000000
758.280387
0.000000
239.077812
0.000000
256.799897
0.000000
560.175508
0.000000
200.272327
0.000000
775.701606
0.000000
238.125346
0.000000
258.080132
0.000000
551.335200
0.000000
200.340269
0.000000
793.972737
0.000000
237.189333
0.000000
259.383010
0.000000
542.789700
0.000000
200.415805
0.000000
813.156712
0.000000
236.269511
0.000000
260.708976
0.000000
534.524878
0.000000
200.498950
0.000000
833.322839
0.000000
235.365622
0.000000
262.058484
0.000000
526.527497
0.000000
200.589720
0.000000
854.547626
0.000000
234.477418
0.000000
263.432006
0.000000
518.785140
0.000000
200.688130
0.000000
876.915742
0.000000
233.604654
0.000000
264.830026
0.000000
511.286151
0.000000
200.794201
0.000000
900.521137
0.000000
232.747093
0.000000
266.253040
0.000000
504.019572
0.000000
200.907952
0.000000
925.468346
0.000000
231.904504
0.000000
267.701563
0.000000
496.975098
0.000000
201.029405
0.000000
951.874026
0.000000
231.076663
0.000000
269.176123
0.000000
490.143024
0.000000
201.158583
0.000000
979.868762
0.000000
230.263349
0.000000
270.677265
0.000000
483.514206
0.000000
201.295511
0.000000
1009.599215
0.000000
229.464350
0.000000
272.205549
0.000000
477.080016
0.000000
201.440214
0.000000
1041.230667
0.000000
228.679456
0.000000
273.761555
0.000000
470.832313
0.000000
201.592721
0.000000
1074.950079
0.000000
227.908465
0.000000
275.345879
0.000000
464.763403
0.000000
201.753061
0.000000
1110.969762
0.000000
227.151178
0.000000
276.959135
0.000000
458.866012
0.000000
201.921264
0.000000
1149.531828
0.000000
226.407404
0.000000
278.601958
0.000000
453.133256
0.000000
202.097363
0.000000
1190.913603
0.000000
225.676953
0.000000
280.275001
0.000000
447.558617
0.000000
202.281392
0.000000
1235.434278
0.000000
224.959642
0.000000
281.978940
0.000000
442.135918
0.000000
202.473386
0.000000
1283.463111
0.000000
224.255293
0.000000
283.714471
0.000000
436.859301
0.000000
202.673383
0.000000
1335.429649
0.000000
223.563732
0.000000
285.482313
0.000000
431.723208
0.000000
202.881422
0.000000
1391.836556
0.000000
222.884789
0.000000
287.283208
0.000000
426.722359
0.000000
203.097542
0.000000
1453.275856
0.000000
222.218298
0.000000
289.117923
0.000000
421.851739
0.000000
203.321786
0.000000
1520.449721
0.000000
221.564099
0.000000
290.987249
0.000000
417.106577
0.000000
203.554198
0.000000
1594.197333
0.000000
220.922032
0.000000
292.892003
0.000000
412.482336
0.000000
203.794824
0.000000
1675.530014
0.000000
220.291947
0.000000
294.833032
0.000000
407.974695
0.000000
204.043711
0.000000
1765.677750
0.000000
219.673692
0.000000
296.811209
0.000000
403.579539
0.000000
204.300907
0.000000
1866.151672
0.000000
219.067122
0.000000
298.827436
0.000000
399.292946
0.000000
204.566464
0.000000
1978.829243
0.000000
218.472096
0.000000
300.882649
0.000000
395.111175
0.000000
204.840435
0.000000
2106.072437
0.000000
217.888475
0.000000
302.977813
0.000000
391.030656
0.000000
205.122873
0.000000
2250.894806
0.000000
217.316123
0.000000
305.113929
0.000000
387.047982
0.000000
205.413836
0.000000
2417.202810
0.000000
216.754910
0.000000
307.292031
0.000000
383.159898
0.000000
205.713381
0.000000
2610.152978
0.000000
216.204707
0.000000
309.513191
0.000000
379.363293
0.000000
206.021569
0.000000
2836.695414
0.000000
215.665389
0.000000
311.778519
0.000000
375.655193
0.000000
206.338463
0.000000
3106.427885
0.000000
215.136835
0.000000
314.089163
0.000000
372.032753
0.000000
206.664125
0.000000
3432.989323
0.000000
214.618926
0.000000
316.446315
0.000000
368.493249
0.000000
206.998623
0.000000
3836.436986
0.000000
214.111546
0.000000
318.851209
0.000000
365.034073
0.000000
207.342024
0.000000
4347.525339
0.000000
213.614583
0.000000
321.305126
0.000000
361.652728
0.000000
207.694399
0.000000
5015.934673
0.000000
213.127927
0.000000
323.809393
0.000000
358.346818
0.000000
208.055820
0.000000
5927.476404
0.000000
212.651472
0.000000
326.365387
0.000000
355.114050
0.000000
208.426362
0.000000
7244.238769
0.000000
212.185113
0.000000
328.974539
0.000000
351.952220
0.000000
208.806102
0.000000
9313.553709
0.000000
211.728748
0.000000
331.638331
0.000000
348.859216
0.000000
209.195119
0.000000
13038.484279
0.000000
211.282281
0.000000
334.358305
0.000000
345.833008
0.000000
209.593493
0.000000
21730.261696
0.000000
210.845614
0.000000
337.136062
0.000000
342.871649
0.000000
210.001310
0.000000
65189.966956
0.000000
210.418654
0.000000
339.973267
