-10791.82367
-11922.82062
-11500.92059
-10329.53865
-9466.439845
-12102.99483
-10092.05806
-12099.32064
-9499.406685
-12895.63111
-10752.01309
-9269.92994
-9516.133363
-9566.6511
-11542.29569
-10451.8259
-11360.76905
-9400.709315
-10649.2105
-10121.92178
-10469.54427
-13473.50118
-10395.23897
-11359.3709
-9750.591939
-9630.792617
-10337.23781
-10089.03283
-8384.425665
-12136.92468
-10758.86136
-10844.28694
-8062.334811
-11202.94962
-9558.302646
-10792.91736
-9618.101363
-10001.41612
-9194.902643
-10275.13929
-8018.298928
-10546.32933
-11546.5585
-8950.918053
-10071.15142
-10992.7194
-11871.17997
-10040.98073
-11988.62958
-10536.10018
-9664.936365
-8388.285421
-11299.24433
-9942.35422
-11793.5037
-7215.833619
-9720.956152
-11180.77037
-11311.1984
-9910.665476
-8712.981009
-9557.928743
-9791.639502
-10090.46234
-11867.16623
-10627.6609
-11047.42355
-9591.581647
-9048.4758
-8939.675727
-11030.72516
-7913.894233
-10736.14945
-11188.66515
-8604.182183
-8702.540969
-11255.41434
-12380.29987
-8815.766051
-9313.186985
-8450.26941
-9752.46679
-9726.517074
-10101.52808
-9237.98037
-10970.87147
-9373.98665
-12256.33575
-10448.84751
-11716.97352
-10105.52886
-9598.657439
-9468.003215
-8918.987102
-10814.39358
-9028.322655
-9327.058499
-10358.95605
-10793.21254
-9625.53005
9756.846479
9482.379704
9122.21219
11479.71141
9719.227132
7899.825754
10001.34322
9250.653847
11156.84089
9432.272567
9802.805177
10488.78445
9800.991308
11663.83371
6819.188851
10730.82685
10704.20834
10123.38463
8903.644408
9450.744227
8313.6071
10357.95023
10316.68736
8936.976783
10050.14207
9584.476522
11843.87121
12573.63265
9740.201512
11028.67292
9473.522887
9642.452257
10567.12134
10303.54614
10400.55171
10381.04374
10057.17627
7722.218993
8631.10737
10355.68002
10673.08188
10944.81597
10067.05655
10748.21143
7386.906348
9347.134531
12051.48274
8517.459869
9413.769292
10303.66985
11735.66674
9296.513314
11961.02009
10488.09306
7519.588463
9143.992611
8668.714268
9858.783384
11164.94665
10212.98467
9400.42576
9772.965884
8915.372347
8971.241402
10654.60995
8676.355281
10945.29096
10923.42908
10828.94532
10070.04674
9808.074915
11394.45243
11467.01695
8440.401574
10521.47855
10120.44759
12037.72409
11398.32638
10336.90358
9079.753414
9077.505016
7903.007983
11807.24636
9897.650212
9226.270393
7978.923125
11891.96057
12108.29347
10231.11601
10492.93431
8846.382819
9828.785569
10687.10919
9174.620826
12018.35728
7512.077764
8669.670954
10177.94703
10247.51409
12453.1008
-12421.31793
-10078.75559
-7240.429367
-9657.586745
-9505.196324
-10736.84256
-8933.790904
-9151.852466
-10115.25588
-9802.633838
-12249.80507
-10810.29332
-9224.516806
-9158.841927
-8518.043546
-10592.90974
-10123.35155
-9715.452854
-9696.95042
-9087.633741
-11502.39359
-9055.34703
-9167.00174
-8843.695754
-9911.980928
-9227.310934
-8722.811632
-9412.041173
-8772.020726
-11529.47698
-10190.61033
-8086.790015
-8008.103408
-9532.697614
-8392.726617
-10602.54906
-10077.0066
-9870.001904
-10157.17352
-8120.119085
-8397.175868
-10718.38844
-12036.80247
-9253.387556
-9294.048807
-11597.06532
-12184.99191
-9061.857882
-11225.93559
-11446.9148
9978.029022
11079.28578
10788.98714
10998.23611
11132.20154
8658.394295
9524.95701
9304.393947
11339.63044
9243.432464
11168.2976
10757.46964
10266.39171
10904.14132
11461.36967
11444.08983
9786.92088
9838.842599
11213.35794
8637.659558
13300.48103
9817.529745
9316.040636
11512.82308
8496.927071
10728.01986
9261.191173
11729.36473
9943.782236
10156.30421
9949.738259
10585.24599
10442.3352
9085.522152
10318.08669
9294.383454
9161.898182
7821.612915
9481.20175
11764.39302
11312.44358
10098.87884
9001.525466
9227.76745
12506.61891
9170.42698
10823.18784
11358.75509
9083.902943
9201.655105
-10878.94312
-9667.815197
-9491.29085
-10570.81745
-9838.612856
-7433.609721
-6771.239657
-8490.998205
-11230.1423
-10144.92317
-9240.860499
-10718.16409
-9527.97891
-11223.32939
-10388.46914
-9245.033699
-10397.77886
-12093.41363
-9222.999972
-8122.969688
-9370.944035
-9061.138146
-10145.39159
-9629.158849
-11368.18578
9738.963278
9683.914212
12064.5606
10606.44356
9347.206624
11206.17452
9951.211674
7700.826403
10121.88446
11231.53139
8825.500644
11102.84506
11185.64313
7555.151782
13408.94484
8760.832981
9220.698744
11674.86914
12076.65148
10769.1733
10354.35985
8864.284342
11645.27761
8144.334727
10712.19054
-10893.15577
-11427.5439
-9730.303792
-10359.84246
-10593.19026
-11524.13875
-10265.88674
-9607.101805
-11467.35805
-8930.156697
-9952.30242
-13285.31157
-8697.077902
-10193.94624
-11045.54153
-9790.033549
-11810.32573
-10525.28151
-6881.224717
-9275.008331
10805.3082
11402.358
11185.92723
10429.69158
12219.21343
10956.1996
10317.25708
8770.451203
13460.81717
9339.630939
8479.193784
10136.87497
10660.69351
9860.917251
9572.155455
8309.188143
11919.61024
10242.11365
9525.089511
9406.080287
-8348.249195
-11806.80082
-8261.246053
-10843.4708
-9433.169176
-11550.171
-12102.08037
-10142.59885
-9429.588179
-7684.111229
8475.740412
11478.96408
10430.24891
10650.17907
10440.21999
10228.34238
10714.09273
9889.836238
10506.87919
10133.25914
-7543.492431
-11039.55325
-9196.347002
-8487.48381
-11092.38041
-10766.98047
11238.83884
9851.039389
10732.63534
9770.937917
10167.61028
11589.16809
9482.773966
12757.75686
9189.881921
8961.958458
6218.054516
9865.179943
10058.81494
10284.35692
9314.97028
11295.36052
10522.99528
9046.164347
9880.519939
11837.6643
12376.98927
10855.13319
9933.32645
7830.036411
9641.549491
9341.196322
6229.396844
11750.57921
11602.60455
9090.311072
11665.48883
11819.51526
10050.94075
10859.51442
11787.89153
11208.27538
10566.92901
10585.42969
9246.069453
10149.56932
8866.389981
10335.89905
10003.18746
11208.42199
12560.82092
10274.80071
10350.49012
10359.52026
9646.869223
8582.782537
11986.18678
10577.38296
9741.605139
8253.555979
11394.91983
10585.92047
12132.51026
8963.480393
8328.031536
11046.1946
12721.63223
10571.18319
10009.06513
8166.789702
9023.500333
11357.43704
10742.04562
8917.566462
8549.326464
9553.189979
10467.40769
8540.720725
10762.43859
9092.326676
10386.12448
8070.533959
10999.87601
6950.478814
10789.39965
9884.204913
9826.104166
10943.89006
11360.86693
7568.539962
10925.29654
8022.23114
8896.256378
8584.900374
9338.941867
12146.72467
8589.1292
8305.316119
9670.945898
8291.179562
9950.935898
11406.39324
