132.852860
92.764784
102.174843
89.313240
108.064246
86.257972
105.942499
76.217749
108.919992
112.643238
94.886154
109.322196
94.302595
87.597998
96.001595
100.331915
115.634546
96.305013
99.747899
99.747899
116.295822
99.843669
108.069746
108.069746
85.149179
92.778430
97.358309
107.166764
109.606505
104.050946
95.346291
95.346291
98.458681
113.795209
103.027727
91.316680
114.010509
89.288640
102.840679
100.458471
104.753340
89.559855
95.933763
98.379433
100.251854
94.086674
85.580150
105.815933
107.241284
86.037357
89.079476
106.875318
82.502223
106.419180
88.880215
100.041188
108.398616
105.300891
105.018050
105.018050
96.630807
70.738088
93.282142
100.226850
92.385949
97.172891
91.860493
89.492626
106.450543
106.450543
109.870331
106.468583
98.458337
81.855948
83.443058
112.023577
106.318955
89.605015
88.182282
103.191690
83.479721
103.976956
121.757829
108.193090
97.223282
115.172661
111.444586
84.755473
110.954635
93.282056
86.146809
105.920995
102.004767
107.389009
110.681029
87.742045
104.160338
92.727286
97.878343
105.801045
97.446694
101.543060
98.612322
-111.098385
-118.268777
-92.508452
-101.379983
-101.379983
-101.637530
-92.164592
-105.019556
-88.782567
-108.198226
-103.722007
-84.453537
-95.864506
-92.922849
-87.397004
-116.521482
-115.120232
-104.666572
-95.702918
-96.601335
-99.760653
-107.150514
-61.460018
-101.017574
-113.138105
-103.693669
-90.804862
-96.063129
-81.082604
-105.037110
-96.012184
-117.166290
-97.037316
-101.736783
-101.736783
-98.499326
-102.634297
-81.931483
-81.931483
-92.875189
-116.009052
-96.081709
-96.081709
-100.070150
-86.307097
-111.541439
-97.636647
-99.842795
-105.989766
-119.554780
-107.212374
-93.748749
-107.263921
-109.250442
-104.336653
-89.610108
-92.322201
-106.277387
-103.387452
-119.932667
-113.258479
-110.713997
-110.713997
-112.528511
-108.899482
-85.920664
-100.347608
-103.987636
-101.546163
-92.390242
-88.419580
-114.600583
-106.070724
-110.719413
-99.117215
-105.057311
-111.042133
-93.990313
-110.103014
-90.516997
-84.109172
-90.580181
-108.113227
-93.644752
-105.048656
-107.580245
-99.805353
-99.941579
-99.941579
-81.218172
-89.615080
-84.363634
-100.145939
-87.132821
-110.288903
-122.376558
-97.074880
-109.644882
-102.308770
-102.104180
-104.421835
-103.203960
124.295989
101.848843
116.345936
112.302724
97.658703
75.808693
87.586809
107.693077
107.693077
92.477504
95.721814
123.820337
111.060722
105.477911
86.072049
99.272089
91.433629
118.547897
100.878894
89.097872
107.016976
110.436094
107.546314
99.870704
85.228005
105.155001
101.118708
92.211501
92.211501
104.793152
79.629850
114.328836
90.793746
91.440622
107.217739
120.160953
123.218635
101.446313
99.996396
101.713391
99.944632
96.287624
107.271799
103.033401
93.839500
93.202570
101.767305
104.391393
104.391393
87.040814
119.363625
91.274610
104.213298
98.204183
111.165209
87.307709
106.596869
112.633491
94.125339
99.463065
108.436732
113.057410
99.916687
116.410007
106.065765
109.058630
96.018286
93.305376
93.305376
100.271174
98.146641
112.618773
93.515528
89.330218
100.810744
80.347105
96.971651
104.451077
93.455836
105.873900
95.981575
87.900831
78.292891
104.799282
111.919062
91.689758
105.056088
101.816336
106.373145
85.868736
85.868736
84.348302
103.126979
95.840448
95.840448
124.036255
102.072525
76.572683
100.706157
115.101859
97.716794
99.122680
94.044586
-98.045247
-112.647395
-94.588766
-87.559696
-88.851209
-106.316707
-102.993534
-116.643793
-110.670865
-98.437134
-96.170012
-90.899443
-100.352506
-88.697533
-96.472588
-109.845713
-81.861782
-96.395794
-113.929005
-82.646888
-88.747670
-93.406393
-105.337171
-102.576068
-90.287464
-105.152636
-85.321429
-99.372981
-111.625485
-81.047611
-99.635020
-93.038075
-90.829534
-103.459411
-94.296009
-103.295173
-107.980508
-93.697410
-101.963169
-115.795136
-104.217543
-120.576601
-104.894973
-110.677820
-109.599224
-119.435299
-92.245909
-124.113538
-85.281837
-86.892318
-113.126787
-107.778720
-99.495142
-111.511112
-103.033736
-113.352958
-102.423469
-102.423469
-101.883291
-108.235491
-99.528979
-110.730274
-93.721259
-96.068685
-98.457270
-83.954535
-109.494830
-69.799268
-90.002924
-84.872505
-91.794731
-104.038147
-90.107110
-94.235743
-107.305721
-99.398221
-107.152172
-121.542455
-96.462830
-79.449655
-105.386934
-95.213698
-89.737680
-85.870919
-109.014002
-104.418238
-107.737102
-85.742200
-94.872191
-96.666988
-96.549058
-89.642340
-106.554797
-100.928159
-104.520271
-94.790754
-89.458863
-111.547537
-94.486890
-94.486890
-101.495262
-95.447555
105.998231
112.086429
83.441524
90.143708
104.138436
100.618471
107.793145
95.136332
85.217249
94.911550
118.387736
80.692145
100.834105
113.757782
96.352226
96.352226
101.303039
111.438894
87.609521
87.609521
106.857637
109.206984
118.390713
98.019810
116.482139
101.934271
106.692726
86.925036
89.002364
91.248614
88.787943
107.722015
108.942594
93.055821
102.418417
95.211815
69.765626
94.270444
102.840351
91.259245
93.061206
105.247316
92.165642
97.781491
84.241825
128.305454
86.200681
98.705184
107.883212
86.461223
76.264177
107.789584
96.230781
108.313523
97.580889
94.478414
97.946964
100.832623
91.173205
121.719121
83.482919
94.463646
98.419923
88.441073
96.875392
86.258808
109.066953
112.760808
89.514724
105.006048
116.074173
104.627130
94.452126
102.001871
101.488683
97.576309
97.095896
105.451507
96.886320
95.175955
85.958348
96.083520
95.159210
99.421024
102.440539
106.951195
98.513300
88.844593
105.620603
100.274646
97.036675
100.275936
101.515748
109.688046
92.691612
97.085297
109.343358
106.612596
79.732166
90.645697
110.204356
108.759173
-107.440521
-90.239460
-101.415475
-94.305442
-82.544222
-101.023973
-109.472913
-110.871890
-104.247531
-97.440477
-101.752356
-99.935652
-103.061650
-80.281398
-98.871001
-93.617472
-76.320468
-108.440221
-86.266166
-106.209642
-109.179756
-91.664751
-102.202777
-112.122283
-93.319765
-87.990241
-104.757996
-89.593412
-78.300411
-111.739737
-101.356700
-107.869121
-92.198038
-92.198038
-108.208083
-89.827414
-105.700486
-104.002588
-98.430458
-101.150158
-92.141389
-89.955064
-99.999460
-89.518604
-98.099895
-116.079037
-76.421714
-102.164087
-96.544519
-96.544519
-111.634133
-84.038816
-105.981901
-105.981901
-98.586132
-94.673904
-91.578611
-94.268569
-102.657110
-110.772120
-108.570598
-75.622815
-105.449413
-96.110245
-96.495790
-86.337422
-108.525619
-120.188565
-95.575412
-95.575412
-108.533080
-108.533080
-86.090609
-100.329459
-96.823468
-112.655878
-102.213589
-92.992203
-90.608528
-88.499671
-99.941094
-122.241125
-99.736901
-107.262212
-85.755940
-85.755940
-94.248331
-77.263548
-96.140292
-99.061319
-111.003829
-91.323296
-99.367721
-86.976625
-79.175049
-102.540772
-99.554877
-106.896036
-97.585658
-134.014563
-87.808156
-127.454335
-91.123655
94.750229
89.335897
94.227180
116.120429
100.328485
91.353940
110.236741
108.299701
90.121608
109.121504
85.450565
93.481279
105.015891
106.038708
101.904844
94.394829
96.751788
93.745106
85.236752
96.288882
86.144622
113.869713
101.100614
95.339511
86.548257
107.615306
105.445087
99.002283
93.164838
98.798102
92.967078
106.709784
94.507829
87.755344
95.289570
103.579003
89.723576
105.415890
101.216476
115.230233
100.000210
95.183907
101.844461
89.987842
104.692319
89.809106
94.344176
100.712543
106.842703
79.094072
84.926496
93.589146
112.941688
97.465413
99.269038
92.558098
90.267501
90.967314
96.915809
115.888119
94.486397
112.834375
91.083313
98.591395
90.581141
112.063310
91.057889
90.547433
92.098530
94.969049
102.211592
109.491896
98.908162
105.902960
111.363694
111.070896
108.080641
99.283826
111.618825
90.662174
109.048127
106.916605
96.044560
97.914868
105.046296
103.734537
97.516776
88.700518
101.700496
100.798180
97.008503
96.715673
107.459638
107.602316
118.953379
108.127825
91.159968
91.178192
85.296825
112.543213
95.042084
88.709987
-97.444955
-97.401379
-81.281419
-85.313948
-113.231344
-99.923176
-73.152259
-96.284832
-104.073277
-118.683184
-94.094062
-109.900538
-99.743016
-93.050775
-108.444147
-93.990495
-110.373389
-90.301794
-100.013050
-95.803732
-103.383721
-113.246226
-90.482000
-97.299233
-105.796824
-99.235317
-105.969355
-91.539874
-117.665850
-94.135780
-103.303657
-86.921109
-89.359970
-109.638119
-109.638119
-108.561575
-108.561575
-90.211355
-86.962695
-111.016905
-100.269541
-106.966538
-85.019825
-98.027513
-85.381135
-92.572045
-98.651322
-75.640072
-98.790348
-100.100798
-100.100798
-115.143617
-97.016682
-108.362361
-93.920786
-99.657103
-82.956057
-111.588054
-100.436826
-99.868976
-108.191956
-90.085646
-87.933512
-89.367668
-101.186252
-90.487731
-94.643861
-91.075244
-99.786573
-94.828421
-108.127384
-99.132114
-114.090715
-104.450369
-96.251369
-101.863345
-81.901746
-77.051426
-116.184172
-100.666621
-100.666621
-97.958525
-101.308683
-89.762939
-106.767849
-84.558416
-116.856038
-101.159639
-99.417370
-104.679549
-110.904389
-104.973383
-88.345021
-113.483215
-100.057916
-99.628218
-110.482298
-104.959401
-109.301768
-102.213267
-104.647337
-91.712366
-94.210638
127.323774
79.587530
105.428170
76.064595
103.117474
109.877685
91.952238
90.638497
87.534160
98.902858
110.253436
87.921451
92.984126
98.734329
110.917522
105.160506
105.833965
92.074587
110.113250
91.096888
78.506165
104.229728
92.247698
100.868463
86.525947
106.579236
86.299168
106.806015
88.336882
106.894348
108.137443
90.256250
108.331347
100.159900
100.600867
100.600867
84.905732
91.912983
92.830340
95.294917
124.075876
97.388222
99.471904
103.575269
112.891300
107.532307
110.329068
102.327004
105.197216
94.593146
102.100585
94.838013
109.914557
97.279312
102.896093
109.230044
104.942144
104.942144
105.792415
100.357747
92.659412
109.244473
87.819363
107.020979
101.349966
97.237762
95.931144
94.218442
90.927849
93.414321
103.347681
96.967218
89.811729
95.826160
84.001652
75.399658
79.800566
95.646611
95.589295
99.646363
106.995107
120.597071
100.348658
100.348658
98.825211
84.613994
103.845983
99.980314
96.926554
87.813413
82.343815
102.396152
102.657286
102.657286
86.990741
100.930634
93.162560
91.355821
99.341824
99.341824
102.983362
104.833304
-98.868680
-92.912505
-91.014350
-87.755564
-104.807342
-92.060555
-96.619608
-85.988610
-75.968877
-95.771818
-100.249582
-100.249582
-114.063680
-114.063680
-93.843469
-93.843469
-95.496182
-105.508481
-100.994717
-110.752897
-108.145862
-91.037055
-92.801458
-92.801458
-102.051971
-98.766671
-105.316403
-90.004243
-106.817795
-92.307417
-98.525008
-101.908203
-93.291405
-100.489357
-96.106573
-85.180073
-98.551797
-101.707985
-95.336866
-117.390244
-109.342341
-103.384770
-124.281623
-91.087985
-108.683311
-98.735367
-110.068410
-113.444539
-93.299385
-93.299385
-118.064083
-103.131636
-91.422295
-101.236458
-101.847161
-96.814865
-94.486406
-110.656394
-102.237604
-99.780552
-98.477105
-97.081355
-90.552230
-90.552230
-107.472524
-101.277417
-95.962296
-101.880352
-94.830661
-86.852866
-122.870204
-98.112491
-97.715726
-123.266969
-94.707827
-108.193633
-107.142123
-82.758476
-93.002939
-97.775212
-104.724966
-86.053185
-103.136203
-91.774429
-110.543951
-103.181733
-106.318785
-95.880732
-85.111041
-95.625931
-103.429252
-109.470809
-100.211595
-120.911750
-112.574885
-109.477348
-102.979868
-106.387678
-89.911204
-99.792201
-109.793447
-93.519948
