6.570572
1.007080
5.341736
5.219104
11.414563
9.492662
15.861547
12.339739
21.293031
24.438772
23.275249
28.535715
27.888987
28.887774
32.889304
36.055887
41.395252
39.785134
42.832575
44.783227
50.464091
49.323806
53.071909
54.935519
52.586859
56.136505
59.041592
62.956512
65.360629
66.127474
66.260919
67.987547
70.382914
75.164250
74.681158
73.964720
80.046926
76.636149
80.984111
81.945398
84.014360
82.314058
85.042883
86.767855
88.242497
88.139765
87.514959
92.584162
93.836210
90.506751
91.970302
96.327882
92.209200
97.676164
94.764447
97.563729
99.758251
99.587942
99.805963
100.366862
98.844634
93.876663
98.535974
100.015252
98.477190
99.404460
98.251644
97.627571
100.932492
100.414152
100.891717
99.821481
97.770195
93.941403
93.691737
98.782322
96.957824
92.873821
91.790863
93.937618
89.083898
92.216367
94.750495
90.961048
87.636783
90.043231
88.061778
81.436451
85.337888
80.414893
77.550115
80.018842
77.701999
77.198686
76.231318
69.973117
71.542746
67.499512
66.731564
66.477493
62.928667
61.831771
59.292395
55.361142
51.903268
54.998072
51.085060
49.063040
46.780038
46.496085
41.783727
42.799747
36.628698
35.245102
36.798278
32.195273
30.443898
29.191875
20.993722
18.886078
18.575718
17.955605
15.352780
12.288937
8.371611
15.064453
4.703253
-0.173498
-0.738734
-0.615095
-4.119393
-3.572977
-10.809136
-11.443504
-18.106305
-16.503652
-19.839650
-22.274220
-23.997883
-27.198135
-25.415394
-27.753841
-32.264023
-39.191314
-37.373407
-39.851752
-42.769539
-42.222552
-49.447961
-48.817149
-51.378833
-54.697715
-59.467979
-59.023294
-58.319680
-62.975943
-65.289417
-66.184615
-65.077917
-67.418495
-71.915467
-73.051510
-78.030957
-78.321892
-79.381598
-81.088978
-82.903189
-83.615111
-80.331094
-84.554878
-86.570388
-87.317932
-86.670175
-87.006346
-93.319046
-92.635120
-94.515250
-93.106137
-95.149283
-97.144659
-94.475511
-98.381624
-95.089939
-94.375462
-96.215663
-100.171509
-97.658673
-100.269757
-101.051107
-99.706702
-99.966845
-99.892385
-96.243634
-97.892898
-96.752272
-99.758233
-96.945037
-101.305734
-103.392963
-97.942740
-100.007504
-98.031967
-97.423961
-97.261974
-96.334826
-90.093620
-93.784638
-90.030093
-89.927409
-91.889235
-95.237191
-91.805068
-86.703279
-85.420315
-87.277360
-85.340994
-78.382894
-79.546337
-79.225171
-81.620233
-77.446628
-77.434159
-70.385533
-72.248929
-72.891104
-67.550659
-65.068677
-63.808022
-63.465188
-64.477558
-58.538930
-57.357078
-57.186097
-55.153329
-50.368023
-53.280228
-44.273906
-46.802384
-44.467385
-39.080584
-34.236153
-31.345777
-33.399723
-31.368895
-28.685789
-26.682349
-25.040493
-20.455764
-18.902352
-18.328289
-16.032533
-11.887607
-8.871086
-6.530527
-7.498605
1.418602
-1.745078
3.296782
4.547604
9.589498
7.263256
13.560441
17.199746
15.921257
19.401645
23.597470
26.909500
26.654613
32.310469
32.581327
35.500711
35.193161
37.046169
39.068457
42.809744
44.590461
49.663428
47.992925
49.276318
53.661911
51.626444
56.975149
60.460146
60.214326
64.614109
64.513599
64.736062
64.612633
71.670535
74.808521
72.433064
76.732102
77.664313
80.109272
77.366014
79.060715
80.016622
85.110752
85.007528
86.110211
92.999378
89.736935
85.713466
91.562207
95.408325
92.842639
93.978943
93.761735
96.084984
93.848128
98.085372
100.058274
100.308286
97.264423
98.318944
95.919195
97.384300
100.041619
100.645543
101.789993
99.911277
102.212154
100.566806
97.741681
103.127895
99.950573
96.113628
101.980165
100.347216
98.907156
95.953913
95.880615
97.654762
93.940512
97.108342
93.442905
90.002651
95.151248
90.532131
90.775021
90.026220
86.316817
86.913659
83.826322
81.550860
83.018999
79.928119
75.675616
76.457537
71.605564
73.116118
70.289144
68.790833
65.066995
68.706714
60.494577
66.382961
64.144696
56.944573
56.025075
55.657995
51.197540
50.803527
46.619228
46.543512
44.587908
42.378851
38.877033
38.333743
33.814644
34.915929
32.125632
29.308209
29.851564
22.370247
27.921466
21.537252
20.150492
16.342906
11.462243
11.809097
8.538112
3.474428
2.603283
-1.430434
-6.762614
-4.199333
-3.246387
-10.879101
-11.283807
-12.620583
-14.270373
-21.311833
-22.793772
-25.845438
-23.819716
-28.002906
-30.701572
-32.998797
-33.917972
-39.579303
-40.709763
-43.659563
-43.919284
-45.031446
-51.599327
-50.297086
-52.407707
-55.856076
-56.670330
-58.370284
-59.105873
-66.751024
-67.288543
-66.328208
-68.830360
-69.194023
-73.439416
-77.093637
-76.780549
-73.665472
-82.738188
-80.195906
-79.048899
-83.954132
-85.053347
-85.470279
-84.678946
-90.539498
-91.847302
-88.985428
-89.537605
-88.709811
-93.695318
-90.857979
-94.565964
-94.355488
-98.992599
-99.202653
-99.320490
-100.320939
-96.983361
-97.129132
-100.636789
-99.034789
-100.686683
-105.926420
-101.115793
-99.431930
-101.718033
-101.267304
-98.679583
-101.085344
-99.691655
-102.069286
-92.866673
-100.838392
-97.829176
-95.426483
-99.085362
-100.441198
-93.394901
-94.908250
-91.636575
-92.905180
-92.558697
-90.842940
-89.189310
-89.924081
-82.631471
-89.042873
-85.559223
-83.462977
-84.070267
-80.945675
-81.582881
-75.487655
-73.168723
-76.192168
-71.423499
-67.518053
-68.050838
-68.287680
-64.939120
-63.163802
-62.030107
-60.172961
-56.512728
-56.201969
-54.486781
-54.240815
-50.095325
-48.130041
-45.099138
-42.289611
-39.156102
-38.543473
-38.198375
-32.542655
-31.291035
-29.598923
-26.593879
-23.972659
-19.950305
-20.948500
-17.656920
-12.782166
-10.896339
-13.833071
-9.205107
-2.843686
-0.680078
-1.488104
4.406231
4.623672
8.495368
13.292870
12.036273
12.778465
14.921811
18.648790
22.411293
23.958283
26.694881
28.416138
35.311894
33.914785
37.266009
43.004250
38.836087
45.502276
43.719205
45.303722
50.956869
50.969719
51.075305
56.893070
59.982771
58.618331
63.604477
67.779246
62.969337
66.884556
67.380230
72.304475
73.951695
72.453496
77.755402
76.160948
78.034125
80.634662
81.528450
84.718683
86.494344
85.772969
89.104978
88.572147
86.106623
95.114586
90.988158
93.029607
94.039818
91.827580
98.145055
94.603013
95.075867
97.285899
98.635432
99.762806
99.674050
98.386229
97.093530
97.804353
104.604483
98.789663
100.747833
100.700842
102.702397
98.174422
95.691333
100.312370
100.223891
97.190079
96.842104
100.860406
97.504321
97.638432
93.846431
95.251316
96.354378
96.032701
95.599346
92.399734
86.972751
90.451549
87.869988
90.921199
89.832931
86.995354
89.104806
83.918903
81.946218
78.119987
80.569984
77.427501
78.325560
78.260103
71.916554
70.799703
67.574847
67.638764
58.514372
65.877697
56.032292
61.345199
56.530865
53.443255
52.364250
54.653413
49.374569
45.391409
46.989429
44.396397
38.529401
40.092644
33.079617
32.385241
32.371352
30.236209
27.052245
23.176984
21.260482
18.258053
14.143539
13.930824
9.469992
12.575657
7.576579
3.974670
-0.236226
1.522446
-1.365721
-5.106926
-8.724104
-10.042709
-13.648267
-13.331706
-18.195239
-21.957348
-22.851595
-23.581602
-28.725945
-27.944674
-31.124264
-30.642323
-35.988846
-39.175591
-40.099268
-44.701970
-43.966698
-49.233824
-50.476955
-51.323737
-52.187193
-59.738209
-60.595520
-60.852101
-58.934821
-63.946246
-65.463477
-68.644276
-70.900554
-72.496985
-73.021316
-70.897258
-76.803375
-74.713940
-80.597750
-80.582244
-83.622023
-80.754530
-86.294009
-87.683605
-88.609224
-89.218547
-88.900342
-88.520781
-91.659574
-91.207361
-91.026541
-91.940227
-93.336690
-95.837268
-94.053841
-98.870690
-95.760588
-96.729898
-99.353544
-99.299986
-98.204003
-98.771565
-100.225690
-102.139442
-99.629783
-99.840364
-100.568181
-100.536411
-98.237118
-97.998009
-95.457278
-97.292086
-100.295771
-99.842890
-100.510848
-94.494483
-97.369190
-97.952036
-94.441809
-93.634682
-89.555564
-89.450743
-94.067244
-90.383564
-83.952882
-87.449093
-87.823354
-89.509498
-83.304169
-85.127069
-81.707085
-78.930908
-80.523472
-76.099144
-77.795562
-72.155471
-72.427318
-69.871424
-69.630799
-69.805141
-63.413684
-62.899175
-62.682524
-59.416994
-58.774690
-53.864998
-57.032932
-50.237430
-49.950551
-44.523896
-42.833127
-44.742661
-42.392227
-39.937128
-37.745349
-31.731256
-28.760713
-31.231849
-26.725184
-25.691326
-18.914089
-19.129821
-14.187702
-13.202743
-11.986619
-4.914442
-7.099239
-5.029408
-2.341228
-3.028723
3.050786
3.234295
8.572299
9.870294
15.649856
12.355437
17.008824
19.535237
20.271733
26.280889
29.084573
31.154934
31.130924
35.591439
37.060732
40.053294
40.566817
43.789825
43.335656
47.313251
46.471676
50.520201
54.249488
55.184354
61.200470
64.159645
58.286325
63.422297
65.067668
67.564191
68.692318
72.758090
71.071138
77.183429
72.349677
77.069117
78.951169
79.384843
79.577603
82.152285
86.816352
83.076218
86.997116
88.266483
87.225970
89.407049
89.560622
91.945300
92.369812
95.811933
96.110690
101.158788
92.295113
98.088759
92.783132
98.702023
100.503301
97.308099
97.375653
97.025305
99.509617
101.930233
97.554172
98.596825
99.716748
102.063050
100.761147
100.685266
97.662871
100.940301
96.747142
93.779761
98.416159
95.452665
96.551299
93.005026
96.274469
91.408437
94.654679
90.055330
92.799845
92.026418
87.373680
89.858396
87.040679
86.015738
84.482826
80.128108
80.141078
78.886821
77.893626
82.116221
75.198529
73.989493
73.139762
73.288938
70.460516
69.221709
65.782685
64.478772
60.441788
59.990047
56.548422
57.539935
52.955624
51.989493
51.135828
48.172881
45.904783
43.913992
40.595681
36.800226
37.838398
31.252858
32.772370
29.298461
26.118828
23.484247
20.753812
17.694602
15.779053
15.342584
11.634511
7.764060
6.521688
1.707098
-2.465945
-4.039887
-3.324801
-5.788909
-7.427184
-8.402693
-8.121653
-14.501267
-17.128506
-19.743990
-24.987325
-23.528821
-26.675213
-29.637072
-33.799406
-37.226308
-35.516358
-37.695787
-40.033773
-45.357361
-44.775006
-48.507162
-51.018655
-51.504007
-53.669299
-54.960351
-56.614158
-59.343666
-60.105660
-61.642198
-62.868397
-68.117364
-67.366165
-70.034600
-69.622430
-69.288888
-74.875248
-77.299533
-78.935988
-83.219876
-84.484830
-81.913356
-83.256349
-84.872097
-88.110395
-88.391070
-91.473010
-92.028102
-89.628387
-90.833308
-91.974509
-94.564801
-94.706152
-96.757314
-94.378455
-98.366684
-96.031696
-97.783530
-98.909405
-97.575932
-99.345825
-98.739787
-96.765060
-99.589905
-100.311479
-99.092439
-103.472996
-101.722948
-100.380934
-104.374797
-97.465551
-100.654313
-98.274838
-100.092210
-100.259121
-95.727751
-94.972736
-99.306850
-95.579145
-92.438865
-93.546571
-92.757385
-90.783948
-89.296211
-91.453709
-88.639647
-86.964809
-85.468282
-83.901627
-81.322455
-79.803880
-81.815258
-79.090126
-76.493505
-76.096955
-73.061245
-69.795281
-75.339400
-68.631233
-66.644360
-69.915997
-62.380894
-63.161886
-60.998355
-54.132514
-54.188090
-53.085284
-52.324788
-46.469977
-47.766914
-43.316019
-44.864300
-41.160478
-39.532100
-35.165650
-30.711193
-30.493360
-29.714318
-28.565438
-24.340337
-26.092474
-22.024009
-18.991659
-15.269021
-13.518603
-7.783955
-7.314897
-6.865457
-1.158112
